set I:=
1
2
3
4
5
6
7
8
9
10
;

set J:=
1
2
3
4
5
6
7
8
9
10
11
12
13
14
15
16
17
18
19	
20	
21	
22	
23	
24	
25	
;	

param f:=	
1	400
2	400
3	400
4	400
5	400
6	400
7	400
8	400
9	400
10	400
;	

param d:=	
1	48
2	48
3	13
4	43
5	19
6	37
7	38
8	27
9	13
10	10
11	12
12	31
13	24
14	39
15	21
16	32
17	27
18	38
19	45
20	39
21	29
22	21
23	40
24	49
25	39
;		

param h:=		
1	1	57
2	1	53
3	1	60
4	1	162
5	1	121
6	1	93
7	1	109
8	1	119
9	1	153
10	1	65
1	2	123
2	2	143
3	2	167
4	2	93
5	2	76
6	2	85
7	2	61
8	2	70
9	2	78
10	2	115
1	3	121
2	3	56
3	3	31
4	3	151
5	3	176
6	3	113
7	3	138
8	3	170
9	3	150
10	3	85
1	4	109
2	4	63
3	4	45
4	4	173
5	4	170
6	4	121
7	4	144
8	4	166
9	4	169
10	4	90
1	5	31
2	5	71
3	5	86
4	5	165
5	5	95
6	5	89
7	5	99
8	5	95
9	5	154
10	5	70
1	6	115
2	6	58
3	6	64
4	6	65
5	6	139
6	6	60
7	6	82
8	6	131
9	6	65
10	6	56
1	7	28
2	7	81
3	7	106
4	7	125
5	7	40
6	7	52
7	7	46
8	7	37
9	7	111
10	7	57
1	8	72
2	8	129
3	8	155
4	8	143
5	8	9
6	8	87
7	8	67
8	8	16
9	8	128
10	8	103
1	9	118
2	9	99
3	9	117
4	9	29
5	9	109
6	9	51
7	9	52
8	9	100
9	9	13
10	9	77
1	10	97
2	10	149
3	10	174
4	10	145
5	10	32
6	10	101
7	10	77
8	10	35
9	10	130
10	10	121
1	11	132
2	11	74
3	11	77
4	11	59
5	11	153
6	11	74
7	11	94
8	11	144
9	11	64
10	11	73
1	12	89
2	12	60
3	12	79
4	12	57
5	12	101
6	12	23
7	12	43
8	12	93
9	12	48
10	12	39
1	13	110
2	13	101
3	13	122
4	13	43
5	13	95
6	13	47
7	13	40
8	13	86
9	13	27
10	13	76
1	14	50
2	14	93
3	14	118
4	14	114
5	14	29
6	14	50
7	14	34
8	14	21
9	14	99
10	14	66
1	15	107
2	15	151
3	15	177
4	15	134
5	15	44
6	15	99
7	15	73
8	15	43
9	15	118
10	15	123
1	16	62
2	16	99
3	16	124
4	16	108
5	16	30
6	16	50
7	16	29
8	16	21
9	16	93
10	16	71
1	17	88
2	17	92
3	17	116
4	17	66
5	17	71
6	17	34
7	17	17
8	17	62
9	17	51
10	17	65
1	18	75
2	18	135
3	18	160
4	18	152
5	18	15
6	18	95
7	18	75
8	18	24
9	18	136
10	18	110
1	19	150
2	19	106
3	19	114
4	19	27
5	19	155
6	19	84
7	19	95
8	19	146
9	19	39
10	19	96
1	20	93
2	20	33
3	20	44
4	20	83
5	20	126
6	20	49
7	20	74
8	20	118
9	20	79
10	20	34
1	21	123
2	21	125
3	21	147
4	21	59
5	21	93
6	21	68
7	21	52
8	21	84
9	21	44
10	21	99
1	22	35
2	22	88
3	22	104
4	22	177
5	22	92
6	22	101
7	22	106
8	22	93
9	22	165
10	22	84
1	23	83
2	23	30
3	23	21
4	23	143
5	23	141
6	23	88
7	23	111
8	23	136
9	23	137
10	23	57
1	24	84
2	24	25
3	24	40
4	24	89
5	24	120
6	24	46
7	24	71
8	24	112
9	24	84
10	24	27
1	25	48
2	25	91
3	25	116
4	25	114
5	25	31
6	25	48
7	25	33
8	25	23
9	25	99
10	25	64
;		

param c:=		
1	1	141.5649704
2	1	149.4621119
3	1	162.8451184
4	1	429.4697115
5	1	315.3122662
6	1	234.2839507
7	1	268.2664464
8	1	311.078633
9	1	384.9910884
10	1	155.1382834
1	2	324.1356127
2	2	333.8314591
3	2	377.1284822
4	2	222.7629495
5	2	177.724403
6	2	196.4431226
7	2	148.1974628
8	2	189.6524856
9	2	197.773803
10	2	273.4191176
1	3	88.68354888
2	3	42.06685692
3	3	21.63491434
4	3	97.54569063
5	3	112.5185292
6	3	76.07089094
7	3	94.14941604
8	3	114.7884064
9	3	98.88706506
10	3	61.79280173
1	4	262.3487911
2	4	157.4138712
3	4	109.5216881
4	4	394.1700868
5	4	356.3896972
6	4	274.9855537
7	4	301.3739422
8	4	381.8416389
9	4	351.2346083
10	4	187.6909671
1	5	35.33907764
2	5	77.95374335
3	5	85.76177085
4	5	157.5865103
5	5	91.2242391
6	5	82.31939135
7	5	90.42923863
8	5	90.22463361
9	5	156.2069578
10	5	68.99477242
1	6	212.0742896
2	6	111.5998325
3	6	126.6296611
4	6	132.9508852
5	6	253.6210919
6	6	109.3418192
7	6	161.7487385
8	6	240.3262702
9	6	133.8697853
10	6	106.7068501
1	7	62.35536802
2	7	155.4109759
3	7	204.7009956
4	7	246.1851335
5	7	78.78954997
6	7	98.6944619
7	7	100.1695168
8	7	72.5980746
9	7	223.986044
10	7	108.9635468
1	8	98.63515107
2	8	185.7128857
3	8	234.747975
4	8	191.0013633
5	8	20.14979907
6	8	117.9370607
7	8	101.2228745
8	8	27.52132285
9	8	181.7374516
10	8	144.4878121
1	9	80.52886949
2	9	68.87756293
3	9	80.86689742
4	9	21.15882985
5	9	74.88544924
6	9	39.65051671
7	9	36.08679023
8	9	61.50191247
9	9	10.89814003
10	9	51.57355031
1	10	53.81601693
2	10	78.78317375
3	10	95.20813411
4	10	78.96409421
5	10	19.05050035
6	10	50.03385667
7	10	40.87680816
8	10	18.14617732
9	10	70.20417467
10	10	59.93471053
1	11	88.73807781
2	11	45.24140246
3	11	46.27250729
4	11	40.49866485
5	11	99.73518967
6	11	49.56091567
7	11	59.57846484
8	11	96.95454895
9	11	39.43112268
10	11	44.31731675
1	12	144.1442446
2	12	107.3809213
3	12	139.5102508
4	12	98.25173966
5	12	169.7767031
6	12	46.92188359
7	12	70.49501675
8	12	152.3863531
9	12	81.18771329
10	12	72.100325
1	13	144.7919709
2	13	127.640751
3	13	157.3486483
4	13	62.62732546
5	13	129.8959585
6	13	58.73721527
7	13	57.44931371
8	13	107.4268617
9	13	42.21303423
10	13	99.41618857
1	14	116.8269346
2	14	193.5590388
3	14	233.8786746
4	14	214.832563
5	14	62.56720368
6	14	117.7438365
7	14	72.44661652
8	14	49.15909052
9	14	222.7019204
10	14	148.7632663
1	15	111.3990854
2	15	164.6363998
3	15	192.6539857
4	15	160.276643
5	15	49.98938849
6	15	98.79507361
7	15	74.56203035
8	15	51.25640822
9	15	121.8535696
10	15	129.2054691
1	16	99.28999698
2	16	150.517228
3	16	188.6026
4	16	172.6286267
5	16	52.67060015
6	16	87.30443942
7	16	51.81678338
8	16	45.65929363
9	16	151.9786657
10	16	110.9574257
1	17	134.1228216
2	17	126.3979647
3	17	166.6461483
4	17	91.17447833
5	17	103.9563993
6	17	52.30628798
7	17	27.24328068
8	17	97.24218335
9	17	71.36263349
10	17	95.5842326
1	18	150.9195215
2	18	251.0008505
3	18	287.9425621
4	18	298.4302221
5	18	39.68183534
6	18	196.8978824
7	18	157.6506947
8	18	56.32467116
9	18	281.7054159
10	18	239.2244324
1	19	350.1832231
2	19	253.4162395
3	19	243.2588816
4	19	66.59244961
5	19	374.9266704
6	19	211.1485332
7	19	218.7911159
8	19	315.7300679
9	19	106.0542305
10	19	225.2379518
1	20	172.5282149
2	20	68.20241744
3	20	102.3364598
4	20	166.9150749
5	20	272.4095949
6	20	115.5887268
7	20	164.754618
8	20	239.8870164
9	20	175.6233185
10	20	76.08678951
1	21	175.7842597
2	21	194.8936581
3	21	225.4863579
4	21	97.74166146
5	21	153.3948512
6	21	112.4576191
7	21	74.998759
8	21	141.8081284
9	21	72.94107051
10	21	160.6443535
1	22	41.17973317
2	22	101.4380592
3	22	107.102795
4	22	205.8542936
5	22	98.19026974
6	22	102.6268108
7	22	127.453345
8	22	103.5624624
9	22	192.6316884
10	22	96.24970333
1	23	179.371818
2	23	75.28342979
3	23	53.48055628
4	23	294.8157726
5	23	285.0581517
6	23	180.2779682
7	23	225.7034106
8	23	298.9520522
9	23	287.2487078
10	23	117.3305802
1	24	212.4507873
2	24	69.75172279
3	24	115.2582983
4	24	208.4533348
5	24	315.2941661
6	24	135.8101569
7	24	187.9473014
8	24	288.764052
9	24	225.1020735
10	24	70.8797009
1	25	106.7240914
2	25	180.6820721
3	25	223.4889463
4	25	247.986224
5	25	65.83128239
6	25	97.5494485
7	25	67.72432688
8	25	50.68109577
9	25	213.7506004
10	25	147.7496484
;		

param Dmax:=		
35
;		

param Cmin:=
54.73%
;