set I:=
1
2
3
4
5
6
7
8
9
10
;

set J:=
1
2
3
4
5
6
7
8
9
10
11
12
13
14
15
16
17
18
19	
20	
21	
22	
23	
24	
25	
;	

param f:=	
1	700
2	700
3	700
4	700
5	700
6	700
7	700
8	700
9	700
10	700
;	

param d:=	
1	43
2	36
3	16
4	13
5	12
6	39
7	12
8	37
9	34
10	22
11	29
12	13
13	15
14	47
15	41
16	16
17	25
18	32
19	36
20	45
21	23
22	40
23	42
24	16
25	42
;		

param h:=		
1	1	143
2	1	160
3	1	67
4	1	50
5	1	141
6	1	39
7	1	101
8	1	109
9	1	187
10	1	142
1	2	135
2	2	156
3	2	70
4	2	45
5	2	134
6	2	46
7	2	94
8	2	109
9	2	186
10	2	140
1	3	182
2	3	156
3	3	24
4	3	109
5	3	163
6	3	23
7	3	133
8	3	83
9	3	163
10	3	123
1	4	153
2	4	217
3	4	140
4	4	40
5	4	176
6	4	105
7	4	133
8	4	180
9	4	254
10	4	208
1	5	86
2	5	52
3	5	108
4	5	125
5	5	40
6	5	131
7	5	45
8	5	75
9	5	106
10	5	66
1	6	73
2	6	122
3	6	105
4	6	58
5	6	79
6	6	102
7	6	35
8	6	110
9	6	169
10	6	124
1	7	45
2	7	91
3	7	173
4	7	149
5	7	28
6	7	187
7	7	60
8	7	143
9	7	155
10	7	127
1	8	175
2	8	156
3	8	28
4	8	99
5	8	158
6	8	15
7	8	126
8	8	86
9	8	166
10	8	125
1	9	132
2	9	35
3	9	98
4	9	156
5	9	80
6	9	134
7	9	89
8	9	45
9	9	62
10	9	20
1	10	154
2	10	99
3	10	34
4	10	124
5	10	119
6	10	73
7	10	102
8	10	26
9	10	107
10	10	65
1	11	69
2	11	154
3	11	136
4	11	49
5	11	99
6	11	125
7	11	59
8	11	147
9	11	205
10	11	161
1	12	114
2	12	90
3	12	60
4	12	96
5	12	86
6	12	80
7	12	62
8	12	53
9	12	121
10	12	74
1	13	160
2	13	132
3	13	15
4	13	100
5	13	137
6	13	36
7	13	109
8	13	63
9	13	144
10	13	102
1	14	184
2	14	114
3	14	41
4	14	151
5	14	147
6	14	84
7	14	133
8	14	34
9	14	104
10	14	72
1	15	113
2	15	74
3	15	68
4	15	109
5	15	78
6	15	94
7	15	62
8	15	46
9	15	107
10	15	61
1	16	108
2	16	72
3	16	72
4	16	109
5	16	73
6	16	97
7	16	58
8	16	50
9	16	108
10	16	62
1	17	45
2	17	86
3	17	164
4	17	143
5	17	20
6	17	179
7	17	53
8	17	135
9	17	149
10	17	120
1	18	149
2	18	72
3	18	63
4	18	143
5	18	105
6	18	103
7	18	99
8	18	9
9	18	79
10	18	35
1	19	122
2	19	10
3	19	123
4	19	167
5	19	66
6	19	156
7	19	88
8	19	71
9	19	65
10	19	39
1	20	135
2	20	194
3	20	123
4	20	18
5	20	155
6	20	91
7	20	111
8	20	159
9	20	232
10	20	186
1	21	160
2	21	82
3	21	58
4	21	147
5	21	117
6	21	99
7	21	110
8	21	2
9	21	81
10	21	42
1	22	111
2	22	40
3	22	97
4	22	138
5	22	63
6	22	127
7	22	68
8	22	53
9	22	82
10	22	41
1	23	167
2	23	115
3	23	21
4	23	126
5	23	135
6	23	64
7	23	115
8	23	38
9	23	117
10	23	78
1	24	159
2	24	39
3	24	119
4	24	188
5	24	104
6	24	159
7	24	121
8	24	60
9	24	29
10	24	20
1	25	159
2	25	188
3	25	90
4	25	48
5	25	165
6	25	51
7	25	122
8	25	137
9	25	216
10	25	170
;		

param c:=		
1	1	347.4220495
2	1	331.3500937
3	1	142.6099815
4	1	118.1069928
5	1	289.1426819
6	1	86.64456005
7	1	221.3679385
8	1	265.352264
9	1	431.8291451
10	1	315.6436605
1	2	242.5106502
2	2	314.8406651
3	2	139.6003006
4	2	96.9333712
5	2	227.7449342
6	2	85.54592295
7	2	189.839252
8	2	218.9440335
9	2	310.50997
10	2	248.8410201
1	3	157.1422188
2	3	130.5662551
3	3	22.74208993
4	3	92.30879471
5	3	127.5885803
6	3	21.37232232
7	3	109.5236421
8	3	68.14500437
9	3	123.2577725
10	3	95.18962788
1	4	110.3930771
2	4	132.1873061
3	4	91.91605154
4	4	30.2653897
5	4	117.6871427
6	4	65.38059434
7	4	96.2737051
8	4	125.1053286
9	4	152.7584181
10	4	127.0633461
1	5	53.11519216
2	5	35.69543514
3	5	69.64525186
4	5	83.52183176
5	5	26.46609993
6	5	84.85755856
7	5	29.48183449
8	5	52.05682947
9	5	71.78242107
10	5	46.46318923
1	6	160.0836945
2	6	270.9565227
3	6	203.3614633
4	6	133.7608527
5	6	152.2195724
6	6	204.8414639
7	6	76.63986268
8	6	225.483837
9	6	349.5266105
10	6	275.970809
1	7	30.92424641
2	7	59.34518597
3	7	106.0119045
4	7	87.17730353
5	7	18.87249818
6	7	113.9014809
7	7	40.40688221
8	7	86.12094237
9	7	88.30360582
10	7	86.31561307
1	8	343.4032779
2	8	297.0194544
3	8	56.4788517
4	8	190.6308011
5	8	318.3905673
6	8	33.59261674
7	8	243.3179004
8	8	173.8208987
9	8	315.79957
10	8	219.6257407
1	9	247.1716326
2	9	71.91297963
3	9	186.7728219
4	9	274.3500434
5	9	153.5326872
6	9	240.4337708
7	9	168.1687761
8	9	82.02851811
9	9	109.1133399
10	9	39.34129189
1	10	168.7192076
2	10	106.4871379
3	10	43.43175333
4	10	134.0255372
5	10	134.4656429
6	10	87.93288606
7	10	122.2116905
8	10	35.57569221
9	10	120.8971982
10	10	75.31299631
1	11	108.5372634
2	11	215.7058525
3	11	184.3430593
4	11	84.17887084
5	11	139.2634715
6	11	185.0884854
7	11	85.80963327
8	11	235.4914959
9	11	286.6483013
10	11	225.9826439
1	12	76.37261254
2	12	66.98815989
3	12	39.80037124
4	12	62.36405354
5	12	57.67982092
6	12	55.84992242
7	12	44.44158127
8	12	35.84064214
9	12	78.49951712
10	12	48.27128143
1	13	117.319435
2	13	106.2434542
3	13	15.50989514
4	13	71.90513
5	13	113.2785642
6	13	28.02039452
7	13	86.02221777
8	13	51.92607978
9	13	117.6452969
10	13	78.12558519
1	14	483.6822104
2	14	261.0657179
3	14	97.97693825
4	14	402.5211822
5	14	341.2343223
6	14	206.1966616
7	14	330.0070779
8	14	83.48639284
9	14	261.4399425
10	14	198.9424354
1	15	226.0887192
2	15	158.9110652
3	15	161.9113166
4	15	235.5371402
5	15	161.0201551
6	15	207.4415359
7	15	125.7355679
8	15	108.1585249
9	15	207.1678231
10	15	139.3794724
1	16	88.55743412
2	16	63.85984113
3	16	65.58593119
4	16	93.20362823
5	16	60.0734009
6	16	79.17622591
7	16	45.98899612
8	16	43.80520776
9	16	98.43107998
10	16	50.93027846
1	17	58.53490097
2	17	109.4577284
3	17	195.4820209
4	17	173.147183
5	17	30.70713663
6	17	239.7832334
7	17	71.56949195
8	17	158.2748073
9	17	206.4123774
10	17	147.0290519
1	18	265.5179539
2	18	129.0190132
3	18	98.35369394
4	18	227.9644044
5	18	176.5799633
6	18	175.0656753
7	18	158.6100039
8	18	23.27981247
9	18	131.7538469
10	18	67.41483789
1	19	218.6417203
2	19	26.85725388
3	19	212.8557847
4	19	329.4133821
5	19	132.6016353
6	19	268.6465864
7	19	154.4095803
8	19	128.3166227
9	19	128.3538487
10	19	83.11912197
1	20	315.4941073
2	20	439.9723233
3	20	312.3370011
4	20	49.30897137
5	20	372.0283955
6	20	204.3259025
7	20	235.0144892
8	20	394.6750855
9	20	535.1739805
10	20	472.2452107
1	21	200.8778869
2	21	101.581147
3	21	78.19516599
4	21	191.5013907
5	21	138.5296558
6	21	130.9281639
7	21	138.4361276
8	21	7.88203006
9	21	97.53696985
10	21	49.98771987
1	22	231.4225567
2	22	95.89595496
3	22	214.6440869
4	22	308.0937137
5	22	134.4357392
6	22	255.8467559
7	22	139.2685706
8	22	113.0967175
9	22	158.9868405
10	22	97.70337198
1	23	356.9115743
2	23	266.5404736
3	23	60.01914434
4	23	272.3716742
5	23	274.4708433
6	23	140.7479645
7	23	259.975367
8	23	81.40188908
9	23	267.1475729
10	23	173.0728641
1	24	128.8561684
2	24	38.37507774
3	24	94.08087192
4	24	156.7541464
5	24	90.73768429
6	24	121.4750281
7	24	109.7268217
8	24	47.70945806
9	24	24.7154864
10	24	20.20603901
1	25	323.7498398
2	25	426.7765471
3	25	192.9878107
4	25	115.3373116
5	25	332.156721
6	25	125.3766845
7	25	262.6475864
8	25	319.1979699
9	25	459.2165604
10	25	373.0308389
;		

param Dmax:=		
35
;		

param Cmin:=
48.07%
;