set I:=
1
2
3
4
5
6
7
8
9
10
11
12
13
14
15
16
17
18
19
20
21
22
23
24
25
26
27
28
29
30
;

set J:=
1
2
3
4
5
6
7
8
9
10
11
12
13
14
15
16
17
18
19
20
21
22
23
24
25
26
27
28
29
30
31
32
33
34
35
36
37
38
39
40
41
42
43
44
45
46
47
48
49
50
51
52
53
54
55
56
57
58
59
60
61
62
63
64
65
66
67
68
69
70
71
72
73
74
75
;

param f:=
1	1000
2	1000
3	1000
4	1000
5	1000
6	1000
7	1000
8	1000
9	1000
10	1000
11	1000
12	1000
13	1000
14	1000
15	1000
16	1000
17	1000
18	1000
19	1000
20	1000
21	1000
22	1000
23	1000
24	1000
25	1000
26	1000
27	1000
28	1000
29	1000
30	1000
;	

param d:=	
1	25
2	41
3	15
4	13
5	18
6	28
7	45
8	21
9	41
10	14
11	20
12	27
13	46
14	40
15	39
16	40
17	48
18	20
19	47
20	29
21	23
22	23
23	24
24	43
25	22
26	19
27	17
28	13
29	15
30	25
31	30
32	43
33	17
34	24
35	41
36	39
37	37
38	15
39	27
40	24
41	25
42	35
43	45
44	16
45	34
46	23
47	32
48	49
49	36
50	26
51	28
52	34
53	17
54	40
55	40
56	34
57	17
58	39
59	42
60	31
61	45
62	37
63	15
64	15	
65	15	
66	10	
67	12	
68	12	
69	45	
70	25	
71	19	
72	38	
73	14	
74	21	
75	36	
;		

param h:=		
1	1	46
2	1	102
3	1	158
4	1	171
5	1	130
6	1	207
7	1	120
8	1	84
9	1	45
10	1	144
11	1	73
12	1	138
13	1	180
14	1	176
15	1	136
16	1	73
17	1	130
18	1	208
19	1	138
20	1	164
21	1	153
22	1	115
23	1	57
24	1	147
25	1	94
26	1	115
27	1	93
28	1	88
29	1	148
30	1	192
1	2	102
2	2	76
3	2	79
4	2	39
5	2	76
6	2	81
7	2	96
8	2	57
9	2	96
10	2	84
11	2	84
12	2	98
13	2	51
14	2	74
15	2	128
16	2	126
17	2	78
18	2	85
19	2	48
20	2	148
21	2	74
22	2	32
23	2	104
24	2	81
25	2	53
26	2	73
27	2	70
28	2	51
29	2	15
30	2	61
1	3	69
2	3	46
3	3	77
4	3	70
5	3	80
6	3	118
7	3	93
8	3	17
9	3	56
10	3	94
11	3	59
12	3	102
13	3	88
14	3	101
15	3	125
16	3	102
17	3	61
18	3	121
19	3	46
20	3	150
21	3	91
22	3	15
23	3	75
24	3	72
25	3	14
26	3	49
27	3	36
28	3	20
29	3	53
30	3	91
1	4	90
2	4	19
3	4	51
4	4	69
5	4	112
6	4	138
7	4	124
8	4	35
9	4	66
10	4	125
11	4	87
12	4	134
13	4	108
14	4	128
15	4	157
16	4	128
17	4	30
18	4	142
19	4	28
20	4	182
21	4	121
22	4	26
23	4	99
24	4	43
25	4	22
26	4	17
27	4	18
28	4	50
29	4	72
30	4	86
1	5	133
2	5	125
3	5	120
4	5	61
5	5	72
6	5	32
7	5	96
8	5	101
9	5	136
10	5	71
11	5	109
12	5	89
13	5	3
14	5	37
15	5	123
16	5	144
17	5	125
18	5	36
19	5	94
20	5	134
21	5	54
22	5	80
23	5	130
24	5	125
25	5	99
26	5	121
27	5	118
28	5	89
29	5	33
30	5	75
1	6	90
2	6	93
3	6	106
4	6	65
5	6	47
6	6	74
7	6	69
8	6	61
9	6	93
10	6	56
11	6	67
12	6	70
13	6	47
14	6	53
15	6	100
16	6	105
17	6	101
18	6	76
19	6	74
20	6	120
21	6	47
22	6	49
23	6	88
24	6	106
25	6	62
26	6	92
27	6	83
28	6	46
29	6	21
30	6	87
1	7	127
2	7	36
3	7	28
4	7	81
5	7	152
6	7	164
7	7	165
8	7	76
9	7	98
10	7	164
11	7	127
12	7	174
13	7	135
14	7	162
15	7	198
16	7	167
17	7	10
18	7	169
19	7	40
20	7	222
21	7	158
22	7	63
23	7	138
24	7	14
25	7	63
26	7	25
27	7	48
28	7	91
29	7	103
30	7	89
1	8	40
2	8	73
3	8	130
4	8	144
5	8	119
6	8	187
7	8	114
8	8	58
9	8	19
10	8	134
11	8	63
12	8	131
13	8	159
14	8	160
15	8	137
16	8	80
17	8	101
18	8	189
19	8	109
20	8	165
21	8	140
22	8	88
23	8	55
24	8	118
25	8	67
26	8	86
27	8	64
28	8	66
29	8	125
30	8	164
1	9	64
2	9	73
3	9	129
4	9	153
5	9	141
6	9	205
7	9	137
8	9	71
9	9	38
10	9	156
11	9	86
12	9	154
13	9	175
14	9	180
15	9	160
16	9	102
17	9	99
18	9	207
19	9	114
20	9	188
21	9	161
22	9	98
23	9	79
24	9	116
25	9	76
26	9	85
27	9	67
28	9	83
29	9	140
30	9	171
1	10	39
2	10	89
3	10	145
4	10	157
5	10	122
6	10	196
7	10	114
8	10	70
9	10	31
10	10	136
11	10	65
12	10	132
13	10	168
14	10	166
15	10	133
16	10	72
17	10	117
18	10	197
19	10	124
20	10	161
21	10	144
22	10	101
23	10	52
24	10	133
25	10	80
26	10	101
27	10	79
28	10	76
29	10	136
30	10	178
1	11	69
2	11	142
3	11	179
4	11	150
5	11	43
6	11	133
7	11	19
8	11	99
9	11	99
10	11	49
11	11	51
12	11	34
13	11	119
14	11	92
15	11	27
16	11	43
17	11	163
18	11	132
19	11	147
20	11	55
21	11	65
22	11	114
23	11	55
24	11	174
25	11	110
26	11	149
27	11	129
28	11	82
29	11	106
30	11	172
1	12	106
2	12	137
3	12	153
4	12	106
5	12	24
6	12	68
7	12	45
8	12	99
9	12	122
10	12	16
11	12	79
12	12	34
13	12	58
14	12	27
15	12	68
16	12	101
17	12	148
18	12	67
19	12	121
20	12	79
21	12	0
22	12	95
23	12	97
24	12	153
25	12	105
26	12	138
27	12	126
28	12	81
29	12	62
30	12	125
1	13	161
2	13	161
3	13	154
4	13	94
5	13	86
6	13	10
7	13	109
8	13	135
9	13	168
10	13	79
11	13	135
12	13	96
13	13	34
14	13	35
15	13	128
16	13	163
17	13	161
18	13	4
19	13	130
20	13	132
21	13	62
22	13	117
23	13	155
24	13	160
25	13	135
26	13	158
27	13	154
28	13	122
29	13	69
30	13	103
1	14	126
2	14	127
3	14	127
4	14	71
5	14	60
6	14	36
7	14	84
8	14	99
9	14	132
10	14	58
11	14	101
12	14	76
13	14	16
14	14	26
15	14	110
16	14	134
17	14	129
18	14	38
19	14	99
20	14	121
21	14	41
22	14	82
23	14	121
24	14	131
25	14	99
26	14	124
27	14	119
28	14	85
29	14	36
30	14	87
1	15	127
2	15	154
3	15	164
4	15	112
5	15	43
6	15	57
7	15	62
8	15	118
9	15	142
10	15	32
11	15	100
12	15	48
13	15	56
14	15	17
15	15	78
16	15	120
17	15	162
18	15	54
19	15	134
20	15	83
21	15	20
22	15	110
23	15	117
24	15	166
25	15	122
26	15	154
27	15	144
28	15	100
29	15	71
30	15	129
1	16	87
2	16	81
3	16	95
4	16	59
5	16	56
6	16	82
7	16	76
8	16	51
9	16	86
10	16	66
11	16	66
12	16	79
13	16	53
14	16	65
15	16	109
16	16	107
17	16	89
18	16	85
19	16	63
20	16	129
21	16	58
22	16	37
23	16	87
24	16	95
25	16	51
26	16	80
27	16	72
28	16	39
29	16	20
30	16	81
1	17	49
2	17	93
3	17	127
4	17	103
5	17	38
6	17	113
7	17	43
8	17	49
9	17	64
10	17	53
11	17	23
12	17	56
13	17	89
14	17	80
15	17	75
16	17	61
17	17	111
18	17	114
19	17	95
20	17	100
21	17	59
22	17	62
23	17	44
24	17	123
25	17	60
26	17	98
27	17	80
28	17	32
29	17	65
30	17	126
1	18	92
2	18	168
3	18	203
4	18	171
5	18	59
6	18	143
7	18	36
8	18	124
9	18	123
10	18	59
11	18	76
12	18	40
13	18	133
14	18	101
15	18	9
16	18	58
17	18	188
18	18	141
19	18	171
20	18	32
21	18	76
22	18	139
23	18	77
24	18	199
25	18	136
26	18	174
27	18	155
28	18	108
29	18	126
30	18	192
1	19	54
2	19	46
3	19	88
4	19	86
5	19	82
6	19	131
7	19	89
8	19	3
9	19	40
10	19	96
11	19	48
12	19	101
13	19	102
14	19	110
15	19	121
16	19	90
17	19	68
18	19	134
19	19	59
20	19	147
21	19	96
22	19	31
23	19	62
24	19	81
25	19	15
26	19	53
27	19	34
28	19	14
29	19	67
30	19	107
1	20	55
2	20	59
3	20	115
4	20	136
5	20	127
6	20	188
7	20	125
8	20	54
9	20	24
10	20	142
11	20	74
12	20	141
13	20	158
14	20	164
15	20	150
16	20	96
17	20	86
18	20	190
19	20	98
20	20	178
21	20	146
22	20	81
23	20	70
24	20	103
25	20	59
26	20	71
27	20	51
28	20	67
29	20	123
30	20	155
1	21	142
2	21	66
3	21	22
4	21	40
5	21	139
6	21	126
7	21	158
8	21	86
9	21	121
10	21	148
11	21	133
12	21	162
13	21	100
14	21	134
15	21	191
16	21	176
17	21	44
18	21	132
19	21	27
20	21	212
21	21	138
22	21	58
23	21	149
24	21	33
25	21	73
26	21	54
27	21	72
28	21	94
29	21	76
30	21	42
1	22	152
2	22	61
3	22	25
4	22	86
5	22	172
6	22	172
7	22	187
8	22	100
9	22	124
10	22	183
11	22	151
12	22	194
13	22	145
14	22	176
15	22	220
16	22	192
17	22	34
18	22	178
19	22	54
20	22	243
21	22	175
22	22	83
23	22	163
24	22	22
25	22	87
26	22	50
27	22	73
28	22	114
29	22	117
30	22	87
1	23	57
2	23	79
3	23	110
4	23	87
5	23	47
6	23	107
7	23	58
8	23	37
9	23	62
10	23	62
11	23	35
12	23	68
13	23	80
14	23	79
15	23	91
16	23	77
17	23	96
18	23	108
19	23	78
20	23	115
21	23	62
22	23	45
23	23	56
24	23	106
25	23	45
26	23	83
27	23	67
28	23	19
29	23	51
30	23	110
1	24	108
2	24	105
3	24	110
4	24	60
5	24	54
6	24	57
7	24	78
8	24	77
9	24	111
10	24	58
11	24	84
12	24	75
13	24	29
14	24	42
15	24	108
16	24	120
17	24	109
18	24	59
19	24	80
20	24	124
21	24	45
22	24	60
23	24	105
24	24	112
25	24	77
26	24	103
27	24	97
28	24	64
29	24	17
30	24	80
1	25	110
2	25	18
3	25	43
4	25	86
5	25	142
6	25	163
7	25	153
8	25	61
9	25	80
10	25	155
11	25	111
12	25	163
13	25	134
14	25	157
15	25	185
16	25	150
17	25	13
18	25	168
19	25	41
20	25	210
21	25	150
22	25	55
23	25	121
24	25	29
25	25	49
26	25	11
27	25	31
28	25	77
29	25	99
30	25	98
1	26	162
2	26	147
3	26	133
4	26	71
5	26	96
6	26	17
7	26	121
8	26	127
9	26	164
10	26	93
11	26	137
12	26	111
13	26	24
14	26	52
15	26	144
16	26	171
17	26	143
18	26	23
19	26	111
20	26	152
21	26	76
22	26	104
23	26	158
24	26	140
25	26	124
26	26	142
27	26	142
28	26	117
29	26	58
30	26	77
1	27	133
2	27	114
3	27	105
4	27	46
5	27	80
6	27	44
7	27	104
8	27	94
9	27	132
10	27	82
11	27	110
12	27	99
13	27	15
14	27	52
15	27	133
16	27	147
17	27	111
18	27	48
19	27	80
20	27	146
21	27	66
22	27	70
23	27	131
24	27	110
25	27	91
26	27	109
27	27	108
28	27	85
29	27	25
30	27	60
1	28	31
2	28	110
3	28	154
4	28	137
5	28	57
6	28	144
7	28	44
8	28	68
9	28	61
10	28	70
11	28	17
12	28	62
13	28	122
14	28	107
15	28	65
16	28	27
17	28	134
18	28	144
19	28	123
20	28	93
21	28	82
22	28	91
23	28	17
24	28	147
25	28	82
26	28	119
27	28	97
28	28	56
29	28	100
30	28	160
1	29	53
2	29	113
3	29	149
4	29	122
5	29	31
6	29	119
7	29	23
8	29	70
9	29	77
10	29	44
11	29	28
12	29	40
13	29	99
14	29	81
15	29	53
16	29	49
17	29	133
18	29	118
19	29	117
20	29	80
21	29	55
22	29	84
23	29	42
24	29	144
25	29	81
26	29	120
27	29	101
28	29	53
29	29	80
30	29	144
1	30	113
2	30	136
3	30	147
4	30	97
5	30	34
6	30	57
7	30	57
8	30	100
9	30	126
10	30	28
11	30	86
12	30	47
13	30	46
14	30	16
15	30	80
16	30	112
17	30	144
18	30	55
19	30	116
20	30	90
21	30	11
22	30	92
23	30	105
24	30	149
25	30	104
26	30	136
27	30	126
28	30	83
29	30	54
30	30	115
1	31	99
2	31	99
3	31	108
4	31	63
5	31	49
6	31	65
7	31	72
8	31	69
9	31	102
10	31	56
11	31	75
12	31	71
13	31	38
14	31	46
15	31	103
16	31	113
17	31	105
18	31	67
19	31	77
20	31	121
21	31	44
22	31	55
23	31	96
24	31	110
25	31	70
26	31	98
27	31	91
28	31	55
29	31	18
30	31	83
1	32	151
2	32	142
3	32	132
4	32	72
5	32	85
6	32	15
7	32	109
8	32	120
9	32	155
10	32	81
11	32	126
12	32	100
13	32	15
14	32	41
15	32	133
16	32	160
17	32	140
18	32	20
19	32	109
20	32	141
21	32	64
22	32	98
23	32	147
24	32	139
25	32	118
26	32	138
27	32	136
28	32	108
29	32	51
30	32	81
1	33	105
2	33	48
3	33	47
4	33	40
5	33	103
6	33	111
7	33	120
8	33	50
9	33	88
10	33	114
11	33	94
12	33	126
13	33	82
14	33	108
15	33	153
16	33	137
17	33	44
18	33	116
19	33	15
20	33	176
21	33	106
22	33	20
23	33	111
24	33	47
25	33	39
26	33	41
27	33	47
28	33	55
29	33	49
30	33	59
1	34	128
2	34	135
3	34	137
4	34	82
5	34	55
6	34	35
7	34	79
8	34	105
9	34	136
10	34	51
11	34	101
12	34	70
13	34	24
14	34	15
15	34	103
16	34	132
17	34	138
18	34	36
19	34	108
20	34	113
21	34	34
22	34	90
23	34	122
24	34	140
25	34	106
26	34	133
27	34	126
28	34	90
29	34	45
30	34	97
1	35	81
2	35	70
3	35	88
4	35	60
5	35	63
6	35	93
7	35	80
8	35	40
9	35	77
10	35	74
11	35	62
12	35	85
13	35	63
14	35	76
15	35	113
16	35	104
17	35	79
18	35	96
19	35	56
20	35	135
21	35	68
22	35	27
23	35	82
24	35	87
25	35	40
26	35	70
27	35	61
28	35	30
29	35	29
30	35	82
1	36	39
2	36	60
3	36	115
4	36	128
5	36	110
6	36	174
7	36	108
8	36	42
9	36	7
10	36	125
11	36	57
12	36	124
13	36	145
14	36	148
15	36	133
16	36	82
17	36	88
18	36	176
19	36	94
20	36	161
21	36	129
22	36	72
23	36	54
24	36	104
25	36	51
26	36	72
27	36	50
28	36	52
29	36	111
30	36	149
1	37	103
2	37	138
3	37	156
4	37	110
5	37	20
6	37	74
7	37	41
8	37	99
9	37	120
10	37	11
11	37	76
12	37	29
13	37	63
14	37	32
15	37	62
16	37	97
17	37	149
18	37	72
19	37	124
20	37	75
21	37	5
22	37	97
23	37	94
24	37	156
25	37	105
26	37	140
27	37	127
28	37	81
29	37	65
30	37	129
1	38	116
2	38	78
3	38	69
4	38	23
5	38	90
6	38	81
7	38	112
8	38	68
9	38	107
10	38	98
11	38	99
12	38	113
13	38	52
14	38	82
15	38	144
16	38	141
17	38	74
18	38	86
19	38	42
20	38	163
21	38	86
22	38	38
23	38	119
24	38	73
25	38	60
26	38	72
27	38	75
28	38	65
29	38	24
30	38	45
1	39	36
2	39	111
3	39	166
4	39	171
5	39	118
6	39	199
7	39	105
8	39	85
9	39	49
10	39	131
11	39	63
12	39	123
13	39	174
14	39	166
15	39	119
16	39	54
17	39	139
18	39	200
19	39	142
20	39	146
21	39	142
22	39	116
23	39	44
24	39	155
25	39	97
26	39	123
27	39	100
28	39	86
29	39	144
30	39	193
1	40	115
2	40	113
3	40	116
4	40	63
5	40	56
6	40	48
7	40	81
8	40	86
9	40	119
10	40	58
11	40	91
12	40	76
13	40	21
14	40	36
15	40	109
16	40	126
17	40	116
18	40	51
19	40	87
20	40	123
21	40	43
22	40	68
23	40	112
24	40	119
25	40	85
26	40	111
27	40	105
28	40	72
29	40	23
30	40	81
1	41	109
2	41	153
3	41	173
4	41	128
5	41	27
6	41	85
7	41	37
8	41	113
9	41	130
10	41	13
11	41	83
12	41	19
13	41	79
14	41	43
15	41	49
16	41	95
17	41	166
18	41	83
19	41	141
20	41	57
21	41	22
22	41	113
23	41	97
24	41	173
25	41	120
26	41	156
27	41	142
28	41	94
29	41	84
30	41	147
1	42	113
2	42	129
3	42	138
4	42	88
5	42	39
6	42	52
7	42	63
8	42	95
9	42	124
10	42	36
11	42	87
12	42	54
13	42	37
14	42	17
15	42	88
16	42	115
17	42	136
18	42	51
19	42	108
20	42	100
21	42	20
22	42	85
23	42	106
24	42	140
25	42	98
26	42	129
27	42	120
28	42	79
29	42	45
30	42	106
1	43	64
2	43	56
3	43	112
4	43	137
5	43	134
6	43	192
7	43	134
8	43	58
9	43	33
10	43	149
11	43	82
12	43	149
13	43	163
14	43	170
15	43	159
16	43	105
17	43	83
18	43	195
19	43	97
20	43	187
21	43	153
22	43	83
23	43	79
24	43	99
25	43	62
26	43	68
27	43	51
28	43	72
29	43	127
30	43	155
1	44	47
2	44	114
3	44	170
4	44	179
5	44	129
6	44	210
7	44	117
8	44	92
9	44	54
10	44	143
11	44	74
12	44	135
13	44	184
14	44	177
15	44	130
16	44	65
17	44	142
18	44	211
19	44	148
20	44	157
21	44	153
22	44	123
23	44	55
24	44	159
25	44	103
26	44	126
27	44	104
28	44	95
29	44	154
30	44	200
1	45	44
2	45	81
3	45	118
4	45	99
5	45	50
6	45	119
7	45	55
8	45	37
9	45	53
10	45	65
11	45	22
12	45	68
13	45	93
14	45	88
15	45	86
16	45	65
17	45	101
18	45	120
19	45	86
20	45	112
21	45	69
22	45	54
23	45	43
24	45	112
25	45	48
26	45	87
27	45	68
28	45	20
29	45	64
30	45	122
1	46	182
2	46	152
3	46	126
4	46	67
5	46	125
6	46	45
7	46	149
8	46	141
9	46	179
10	46	123
11	46	159
12	46	141
13	46	49
14	46	83
15	46	174
16	46	196
17	46	142
18	46	51
19	46	112
20	46	183
21	46	106
22	46	114
23	46	180
24	46	136
25	46	135
26	46	145
27	46	150
28	46	134
29	46	74
30	46	63
1	47	56
2	47	57
3	47	93
4	47	81
5	47	69
6	47	119
7	47	79
8	47	16
9	47	49
10	47	83
11	47	44
12	47	90
13	47	90
14	47	97
15	47	111
16	47	87
17	47	76
18	47	121
19	47	62
20	47	136
21	47	82
22	47	30
23	47	61
24	47	87
25	47	24
26	47	62
27	47	45
28	47	5
29	47	56
30	47	103
1	48	94
2	48	102
3	48	115
4	48	72
5	48	40
6	48	68
7	48	63
8	48	69
9	48	100
10	48	47
11	48	69
12	48	62
13	48	43
14	48	44
15	48	94
16	48	105
17	48	111
18	48	70
19	48	84
20	48	112
21	48	37
22	48	59
23	48	90
24	48	116
25	48	72
26	48	102
27	48	93
28	48	54
29	48	27
30	48	92
1	49	56
2	49	85
3	49	116
4	49	91
5	49	42
6	49	106
7	49	52
8	49	43
9	49	65
10	49	56
11	49	33
12	49	62
13	49	80
14	49	76
15	49	85
16	49	73
17	49	102
18	49	107
19	49	84
20	49	109
21	49	58
22	49	51
23	49	54
24	49	112
25	49	52
26	49	89
27	49	73
28	49	25
29	49	53
30	49	114
1	50	62
2	50	59
3	50	115
4	50	139
5	50	134
6	50	193
7	50	132
8	50	59
9	50	31
10	50	149
11	50	81
12	50	148
13	50	164
14	50	170
15	50	157
16	50	103
17	50	86
18	50	196
19	50	100
20	50	185
21	50	152
22	50	85
23	50	77
24	50	103
25	50	63
26	50	72
27	50	53
28	50	73
29	50	128
30	50	158
1	51	172
2	51	149
3	51	129
4	51	68
5	51	110
6	51	30
7	51	135
8	51	134
9	51	171
10	51	108
11	51	148
12	51	126
13	51	36
14	51	67
15	51	159
16	51	184
17	51	142
18	51	36
19	51	111
20	51	167
21	51	91
22	51	108
23	51	169
24	51	138
25	51	130
26	51	143
27	51	146
28	51	125
29	51	65
30	51	70
1	52	64
2	52	113
3	52	169
4	52	186
5	52	148
6	52	225
7	52	137
8	52	99
9	52	60
10	52	162
11	52	91
12	52	155
13	52	198
14	52	194
15	52	152
16	52	88
17	52	140
18	52	226
19	52	151
20	52	179
21	52	171
22	52	130
23	52	75
24	52	157
25	52	108
26	52	125
27	52	105
28	52	105
29	52	165
30	52	206
1	53	135
2	53	46
3	53	12
4	53	70
5	53	151
6	53	155
7	53	167
8	53	81
9	53	108
10	53	163
11	53	132
12	53	174
13	53	127
14	53	156
15	53	199
16	53	173
17	53	18
18	53	160
19	53	33
20	53	223
21	53	155
22	53	63
23	53	145
24	53	2
25	53	68
26	53	34
27	53	57
28	53	94
29	53	97
30	53	75
1	54	112
2	54	66
3	54	59
4	54	26
5	54	96
6	54	94
7	54	115
8	54	60
9	54	99
10	54	105
11	54	97
12	54	118
13	54	64
14	54	93
15	54	148
16	54	140
17	54	61
18	54	98
19	54	30
20	54	168
21	54	94
22	54	29
23	54	116
24	54	62
25	54	51
26	54	60
27	54	63
28	54	60
29	54	34
30	54	48
1	55	111
2	55	68
3	55	62
4	55	27
5	55	93
6	55	91
7	55	113
8	55	60
9	55	99
10	55	101
11	55	95
12	55	116
13	55	62
14	55	90
15	55	145
16	55	138
17	55	64
18	55	96
19	55	33
20	55	165
21	55	91
22	55	29
23	55	114
24	55	65
25	55	51
26	55	62
27	55	64
28	55	59
29	55	31
30	55	49
1	56	157
2	56	84
3	56	35
4	56	38
5	56	147
6	56	122
7	56	167
8	56	101
9	56	138
10	56	154
11	56	146
12	56	169
13	56	99
14	56	135
15	56	200
16	56	189
17	56	61
18	56	128
19	56	44
20	56	219
21	56	143
22	56	72
23	56	163
24	56	48
25	56	89
26	56	72
27	56	89
28	56	107
29	56	81
30	56	31
1	57	128
2	57	165
3	57	178
4	57	128
5	57	45
6	57	71
7	57	58
8	57	126
9	57	147
10	57	30
11	57	102
12	57	41
13	57	72
14	57	33
15	57	67
16	57	116
17	57	175
18	57	67
19	57	148
20	57	69
21	57	27
22	57	122
23	57	118
24	57	180
25	57	132
26	57	166
27	57	154
28	57	108
29	57	86
30	57	145
1	58	113
2	58	61
3	58	52
4	58	27
5	58	102
6	58	100
7	58	121
8	58	60
9	58	99
10	58	111
11	58	100
12	58	124
13	58	71
14	58	100
15	58	153
16	58	143
17	58	55
18	58	105
19	58	23
20	58	174
21	58	101
22	58	29
23	58	118
24	58	55
25	58	50
26	58	54
27	58	60
28	58	62
29	58	41
30	58	47
1	59	33
2	59	114
3	59	168
4	59	170
5	59	111
6	59	194
7	59	97
8	59	85
9	59	52
10	59	124
11	59	57
12	59	115
13	59	170
14	59	159
15	59	110
16	59	45
17	59	142
18	59	195
19	59	143
20	59	136
21	59	135
22	59	116
23	59	37
24	59	158
25	59	98
26	59	126
27	59	103
28	59	84
29	59	141
30	59	192
1	60	31
2	60	123
3	60	172
4	60	162
5	60	84
6	60	172
7	60	67
8	60	85
9	60	64
10	60	96
11	60	40
12	60	85
13	60	150
14	60	135
15	60	78
16	60	13
17	60	149
18	60	172
19	60	143
20	60	104
21	60	109
22	60	112
23	60	21
24	60	164
25	60	98
26	60	133
27	60	110
28	60	77
29	60	127
30	60	185
1	61	184
2	61	168
3	61	149
4	61	88
5	61	116
6	61	25
7	61	140
8	61	150
9	61	187
10	61	111
11	61	159
12	61	128
13	61	47
14	61	68
15	61	161
16	61	192
17	61	162
18	61	29
19	61	131
20	61	166
21	61	94
22	61	126
23	61	180
24	61	158
25	61	147
26	61	162
27	61	164
28	61	139
29	61	81
30	61	90
1	62	55
2	62	54
3	62	91
4	62	83
5	62	73
6	62	123
7	62	82
8	62	12
9	62	46
10	62	87
11	62	45
12	62	93
13	62	94
14	62	100
15	62	114
16	62	88
17	62	73
18	62	125
19	62	61
20	62	139
21	62	86
22	62	29
23	62	61
24	62	85
25	62	21
26	62	59
27	62	42
28	62	6
29	62	59
30	62	105
1	63	59
2	63	50
3	63	106
4	63	129
5	63	126
6	63	183
7	63	127
8	63	49
9	63	27
10	63	141
11	63	75
12	63	142
13	63	154
14	63	161
15	63	153
16	63	101
17	63	77
18	63	186
19	63	90
20	63	181
21	63	144
22	63	75
23	63	74
24	63	94
25	63	53
26	63	62
27	63	43
28	63	64
29	63	118
30	63	147
1	64	31
2	64	69
3	64	125
4	64	135
5	64	107
6	64	176
7	64	104
8	64	48
9	64	9
10	64	122
11	64	52
12	64	120
13	64	148
14	64	148
15	64	127
16	64	73
17	64	97
18	64	178
19	64	102
20	64	155
21	64	128
22	64	79
23	64	47
24	64	114
25	64	58
26	64	82
27	64	59
28	64	55
29	64	114
30	64	156
1	65	111
2	65	33
3	65	30
4	65	56
5	65	124
6	65	134
7	65	139
8	65	56
9	65	88
10	65	135
11	65	106
12	65	146
13	65	105
14	65	131
15	65	171
16	65	148
17	65	21
18	65	139
19	65	11
20	65	195
21	65	128
22	65	35
23	65	120
24	65	25
25	65	42
26	65	22
27	65	38
28	65	67
29	65	72
30	65	69
1	66	66
2	66	69
3	66	125
4	66	150
5	66	141
6	66	203
7	66	139
8	66	69
9	66	39
10	66	156
11	66	87
12	66	155
13	66	174
14	66	179
15	66	162
16	66	105
17	66	96
18	66	206
19	66	111
20	66	190
21	66	161
22	66	96
23	66	81
24	66	112
25	66	74
26	66	82
27	66	64
28	66	82
29	66	139
30	66	169
1	67	132
2	67	104
3	67	91
4	67	31
5	67	89
6	67	56
7	67	112
8	67	89
9	67	128
10	67	92
11	67	111
12	67	109
13	67	30
14	67	66
15	67	142
16	67	151
17	67	99
18	67	62
19	67	67
20	67	157
21	67	78
22	67	62
23	67	132
24	67	97
25	67	84
26	67	98
27	67	100
28	67	82
29	67	24
30	67	47
1	68	20
2	68	103
3	68	149
4	68	137
5	68	66
6	68	150
7	68	55
8	68	63
9	68	51
10	68	79
11	68	15
12	68	73
13	68	127
14	68	114
15	68	75
16	68	29
17	68	128
18	68	150
19	68	119
20	68	103
21	68	90
22	68	88
23	68	7
24	68	142
25	68	76
26	68	112
27	68	90
28	68	52
29	68	101
30	68	159
1	69	25
2	69	68
3	69	122
4	69	128
5	69	98
6	69	166
7	69	95
8	69	41
9	69	7
10	69	113
11	69	43
12	69	111
13	69	139
14	69	138
15	69	119
16	69	68
17	69	96
18	69	168
19	69	97
20	69	147
21	69	118
22	69	72
23	69	40
24	69	112
25	69	52
26	69	80
27	69	57
28	69	46
29	69	106
30	69	149
1	70	135
2	70	89
3	70	68
4	70	7
5	70	105
6	70	79
7	70	128
8	70	85
9	70	124
10	70	111
11	70	117
12	70	127
13	70	54
14	70	89
15	70	159
16	70	160
17	70	80
18	70	84
19	70	48
20	70	177
21	70	98
22	70	55
23	70	137
24	70	75
25	70	77
26	70	81
27	70	88
28	70	83
29	70	38
30	70	28
1	71	174
2	71	148
3	71	125
4	71	64
5	71	114
6	71	36
7	71	139
8	71	134
9	71	172
10	71	112
11	71	150
12	71	131
13	71	39
14	71	72
15	71	164
16	71	187
17	71	139
18	71	42
19	71	108
20	71	173
21	71	95
22	71	108
23	71	171
24	71	134
25	71	129
26	71	141
27	71	145
28	71	126
29	71	66
30	71	65
1	72	143
2	72	140
3	72	136
4	72	76
5	72	73
6	72	19
7	72	97
8	72	115
9	72	148
10	72	69
11	72	117
12	72	87
13	72	15
14	72	28
15	72	120
16	72	149
17	72	141
18	72	21
19	72	110
20	72	129
21	72	52
22	72	96
23	72	138
24	72	141
25	72	114
26	72	137
27	72	134
28	72	102
29	72	48
30	72	89
1	73	59
2	73	32
3	73	87
4	73	104
5	73	110
6	73	160
7	73	114
8	73	26
9	73	29
10	73	124
11	73	66
12	73	128
13	73	130
14	73	140
15	73	143
16	73	101
17	73	60
18	73	163
19	73	67
20	73	171
21	73	125
22	73	50
23	73	72
24	73	76
25	73	28
26	73	44
27	73	22
28	73	43
29	73	94
30	73	123
1	74	32
2	74	85
3	74	127
4	74	112
5	74	55
6	74	130
7	74	54
8	74	42
9	74	47
10	74	70
11	74	10
12	74	70
13	74	105
14	74	98
15	74	83
16	74	53
17	74	108
18	74	131
19	74	96
20	74	110
21	74	76
22	74	64
23	74	29
24	74	120
25	74	55
26	74	93
27	74	72
28	74	29
29	74	77
30	74	134
1	75	25
2	75	70
3	75	124
4	75	131
5	75	99
6	75	169
7	75	96
8	75	44
9	75	8
10	75	114
11	75	44
12	75	112
13	75	141
14	75	140
15	75	120
16	75	67
17	75	98
18	75	171
19	75	100
20	75	148
21	75	120
22	75	75
23	75	40
24	75	114
25	75	55
26	75	82
27	75	59
28	75	48
29	75	108
30	75	152
;		

param c:=		
1	1	66.34727638
2	1	147.1190773
3	1	213.1782348
4	1	208.6985767
5	1	153.8837924
6	1	258.1145215
7	1	164.7973178
8	1	113.0037597
9	1	59.02431919
10	1	201.1290738
11	1	97.32009863
12	1	194.4612064
13	1	208.4188661
14	1	216.0260137
15	1	171.3542824
16	1	106.2616803
17	1	175.6907716
18	1	283.1755608
19	1	171.6349407
20	1	218.6411272
21	1	180.6991952
22	1	147.4292443
23	1	74.00719309
24	1	196.5430082
25	1	125.3462951
26	1	155.3506946
27	1	114.015066
28	1	111.2055968
29	1	202.9900028
30	1	240.2535872
1	2	206.2780096
2	2	164.5876945
3	2	171.7722516
4	2	93.12710935
5	2	171.1603732
6	2	172.0329502
7	2	216.0905609
8	2	124.0148184
9	2	205.8510414
10	2	191.5959034
11	2	184.3701737
12	2	196.9856664
13	2	106.647392
14	2	152.2261135
15	2	299.5928275
16	2	259.6886018
17	2	178.1225913
18	2	182.3664659
19	2	113.6674442
20	2	337.3389478
21	2	175.2999049
22	2	76.07556981
23	2	214.8543865
24	2	169.6854929
25	2	113.2576928
26	2	152.2429085
27	2	155.2049276
28	2	121.7085847
29	2	43.6909062
30	2	123.4483277
1	3	56.43735423
2	3	41.75887735
3	3	67.61559268
4	3	55.18807404
5	3	62.74313476
6	3	98.48285403
7	3	80.60677747
8	3	17.60984027
9	3	48.55174679
10	3	75.64143627
11	3	45.81399776
12	3	82.25108912
13	3	69.09824417
14	3	75.958548
15	3	98.28801471
16	3	76.45505969
17	3	48.24697261
18	3	97.87836591
19	3	37.56761083
20	3	109.9085498
21	3	75.38479355
22	3	15.37350427
23	3	65.24525668
24	3	56.51860784
25	3	15.59846979
26	3	40.69347403
27	3	29.75380894
28	3	19.55544173
29	3	40.44353554
30	3	67.19252973
1	4	58.57053037
2	4	14.11556528
3	4	33.27729171
4	4	51.57322904
5	4	82.23112349
6	4	87.22795507
7	4	89.33213641
8	4	26.41295604
9	4	50.68064502
10	4	77.09818555
11	4	57.82834215
12	4	90.81266904
13	4	77.76188663
14	4	89.35994084
15	4	105.3673721
16	4	93.51356645
17	4	23.74358693
18	4	101.815569
19	4	21.01930131
20	4	133.529812
21	4	85.13847606
22	4	19.13910592
23	4	71.6683155
24	4	33.27796441
25	4	18.82780794
26	4	15.41992223
27	4	16.41077279
28	4	34.0212438
29	4	49.76936398
30	4	60.03609012
1	5	125.1850595
2	5	118.0315356
3	5	106.3986372
4	5	57.92423311
5	5	73.14486033
6	5	32.46009943
7	5	92.12705918
8	5	103.7793015
9	5	128.2707841
10	5	62.95617957
11	5	106.0575092
12	5	91.651578
13	5	7.436631457
14	5	34.49080081
15	5	126.6531405
16	5	137.2992702
17	5	118.9628581
18	5	34.99252316
19	5	89.7268734
20	5	117.3559335
21	5	49.94841563
22	5	83.41608856
23	5	112.7661825
24	5	114.7530197
25	5	99.44773306
26	5	119.1387939
27	5	103.0952529
28	5	88.15549935
29	5	33.07184229
30	5	73.76758113
1	6	140.223944
2	6	137.8179052
3	6	141.5697895
4	6	95.56853573
5	6	67.2756504
6	6	116.8351733
7	6	113.3468744
8	6	88.33919559
9	6	135.8467173
10	6	82.57200725
11	6	101.610693
12	6	108.1288662
13	6	70.10348072
14	6	87.15394889
15	6	155.9996756
16	6	161.3137104
17	6	140.2041004
18	6	104.4406815
19	6	105.290906
20	6	168.0678867
21	6	71.97976561
22	6	80.14174216
23	6	137.1212105
24	6	146.3580913
25	6	85.20393487
26	6	148.3631674
27	6	128.9022798
28	6	68.47592587
29	6	34.10260407
30	6	124.7912757
1	7	320.3813204
2	7	99.82624573
3	7	72.25210123
4	7	181.1091313
5	7	346.8806677
6	7	390.6091997
7	7	388.2438156
8	7	179.8236636
9	7	217.3724692
10	7	381.5726884
11	7	326.5373925
12	7	376.3852166
13	7	331.5216201
14	7	370.6608075
15	7	428.8371065
16	7	353.6531542
17	7	35.65281902
18	7	363.2237412
19	7	98.78898766
20	7	489.4506213
21	7	376.9335013
22	7	147.5509231
23	7	331.0800902
24	7	44.26554649
25	7	147.4263926
26	7	72.76262553
27	7	118.2437671
28	7	201.0904296
29	7	243.3823707
30	7	212.4078594
1	8	47.35915224
2	8	89.49223032
3	8	127.7057073
4	8	142.1362358
5	8	117.783814
6	8	182.479559
7	8	118.9102988
8	8	61.28205997
9	8	23.29750821
10	8	146.4111293
11	8	69.21516107
12	8	132.172998
13	8	177.7382414
14	8	190.114575
15	8	149.7216871
16	8	92.87167901
17	8	102.6492376
18	8	197.6720977
19	8	109.6882904
20	8	162.0280106
21	8	159.6036235
22	8	102.4352416
23	8	65.27341365
24	8	124.2361897
25	8	68.5581245
26	8	97.99597365
27	8	77.70724265
28	8	73.33735478
29	8	132.6908996
30	8	165.0916983
1	9	138.4247883
2	9	162.8013938
3	9	278.1709054
4	9	328.3580486
5	9	294.9448093
6	9	425.0631669
7	9	314.6416563
8	9	155.7772358
9	9	89.23629357
10	9	317.9157312
11	9	179.9322742
12	9	333.8276082
13	9	400.7273379
14	9	341.8334201
15	9	321.6718472
16	9	234.8212212
17	9	225.9767089
18	9	408.9931867
19	9	267.5143574
20	9	402.5731056
21	9	310.1148685
22	9	230.1552271
23	9	180.5519041
24	9	235.0818852
25	9	180.6186563
26	9	176.7918839
27	9	135.2839616
28	9	163.681898
29	9	268.7940823
30	9	340.1366613
1	10	30.67773244
2	10	59.73435754
3	10	113.3357265
4	10	120.9791109
5	10	87.48360308
6	10	130.9022269
7	10	80.24310483
8	10	49.30693596
9	10	25.04930941
10	10	93.08914482
11	10	51.53544665
12	10	91.17773397
13	10	113.0046492
14	10	121.7196902
15	10	93.70597474
16	10	53.23133006
17	10	87.82973212
18	10	151.4180949
19	10	93.61294878
20	10	122.1878367
21	10	97.62589948
22	10	75.67755589
23	10	39.8089412
24	10	90.04139778
25	10	53.57364728
26	10	72.06888439
27	10	59.45130738
28	10	52.6418978
29	10	95.14988984
30	10	137.248689
1	11	69.73027145
2	11	151.1587668
3	11	186.0154924
4	11	168.7352074
5	11	43.32261322
6	11	126.9566597
7	11	25.0401719
8	11	96.69243079
9	11	98.9006577
10	11	54.56528216
11	11	50.94901933
12	11	38.66593967
13	11	124.4032077
14	11	104.2939492
15	11	34.29936842
16	11	43.35089786
17	11	170.6773555
18	11	129.2849949
19	11	138.5500624
20	11	56.80999173
21	11	74.07741836
22	11	126.0145491
23	11	55.69084179
24	11	186.4082903
25	11	118.9082337
26	11	167.3720312
27	11	132.0591859
28	11	84.99715088
29	11	116.9258196
30	11	172.6504606
1	12	149.1636932
2	12	179.4120023
3	12	215.0671678
4	12	152.5167513
5	12	42.73472702
6	12	91.93401744
7	12	68.08941805
8	12	150.2239609
9	12	181.9957516
10	12	29.05357055
11	12	109.3153912
12	12	49.78406437
13	12	88.93036864
14	12	39.87229519
15	12	106.1379966
16	12	156.5210367
17	12	219.3184479
18	12	94.8903142
19	12	168.2667746
20	12	114.1059385
21	12	6.681895379
22	12	147.5692022
23	12	136.3166244
24	12	226.8926744
25	12	149.3930124
26	12	176.3514053
27	12	190.2394067
28	12	119.9625341
29	12	96.50128462
30	12	180.8835144
1	13	419.1283417
2	13	417.4909672
3	13	394.1167468
4	13	235.4858182
5	13	215.2911857
6	13	35.75979098
7	13	244.7744851
8	13	290.1402601
9	13	367.3541586
10	13	197.1375702
11	13	307.1493301
12	13	242.1010848
13	13	98.48933451
14	13	91.90076526
15	13	295.903944
16	13	424.0655179
17	13	395.7976646
18	13	20.96696062
19	13	337.5259865
20	13	308.6871777
21	13	159.8473523
22	13	287.4340123
23	13	398.4151379
24	13	354.3242492
25	13	292.7157855
26	13	375.2782035
27	13	366.4637042
28	13	305.5586335
29	13	156.4332954
30	13	260.9714139
1	14	260.192666
2	14	242.0919175
3	14	256.7938046
4	14	153.6223216
5	14	142.0476088
6	14	84.96049013
7	14	175.0919124
8	14	226.7027303
9	14	259.0728485
10	14	132.975082
11	14	215.0515609
12	14	147.8659608
13	14	41.57840185
14	14	65.14600167
15	14	245.317025
16	14	277.1770307
17	14	257.8602617
18	14	89.22312624
19	14	226.3566417
20	14	262.6045807
21	14	87.90848052
22	14	185.6443452
23	14	266.6200395
24	14	258.5369051
25	14	193.4493448
26	14	251.1461498
27	14	228.0542427
28	14	162.0224064
29	14	87.87884028
30	14	178.7124501
1	15	241.3030804
2	15	293.0227145
3	15	301.6798855
4	15	249.0757932
5	15	85.39418036
6	15	132.1722278
7	15	143.343108
8	15	231.3319884
9	15	313.5317287
10	15	77.41149313
11	15	221.0714839
12	15	93.76508962
13	15	119.4678605
14	15	44.77705875
15	15	161.1251549
16	15	256.9022166
17	15	349.4376618
18	15	109.0166864
19	15	254.2768534
20	15	170.6001961
21	15	51.53705094
22	15	228.2358625
23	15	216.263866
24	15	302.6164467
25	15	226.4094587
26	15	291.0783081
27	15	294.8390782
28	15	194.1178532
29	15	136.9083992
30	15	275.7844879
1	16	165.7475428
2	16	172.4079768
3	16	198.3170682
4	16	122.1917544
5	16	110.4645539
6	16	172.5472224
7	16	154.3236785
8	16	106.9408511
9	16	198.5861436
10	16	154.8129399
11	16	132.1545257
12	16	175.1695879
13	16	113.4154247
14	16	147.951294
15	16	208.8497011
16	16	213.6723302
17	16	181.5575474
18	16	162.6010511
19	16	138.109798
20	16	283.3353524
21	16	134.912483
22	16	81.23299362
23	16	186.2139011
24	16	190.2556233
25	16	101.6628784
26	16	175.4775556
27	16	149.9597632
28	16	80.20695854
29	16	46.27047846
30	16	155.1498518
1	17	124.2885343
2	17	257.19764
3	17	344.5574421
4	17	268.345807
5	17	93.63711931
6	17	275.9700284
7	17	119.3385365
8	17	120.4177534
9	17	150.7278055
10	17	127.4775763
11	17	72.21153447
12	17	156.2266222
13	17	213.3049924
14	17	189.5037649
15	17	205.4899254
16	17	163.0747032
17	17	264.2539647
18	17	304.2869276
19	17	225.5659166
20	17	276.5969122
21	17	155.4527056
22	17	160.9887619
23	17	114.3451753
24	17	326.5671948
25	17	160.1633514
26	17	264.7203101
27	17	204.1127664
28	17	96.54239583
29	17	165.3566235
30	17	299.4353493
1	18	89.93672307
2	18	167.5481484
3	18	190.0123914
4	18	179.992045
5	18	60.50913634
6	18	137.5392617
7	18	37.90088524
8	18	129.9856963
9	18	128.9154591
10	18	60.42799696
11	18	84.24395324
12	18	42.26322744
13	18	133.3108393
14	18	97.11757612
15	18	13.27019377
16	18	57.57426528
17	18	193.344511
18	18	150.1410318
19	18	173.3127269
20	18	34.23848195
21	18	83.3912071
22	18	142.6204678
23	18	79.64431624
24	18	211.3908656
25	18	135.2233643
26	18	167.50101
27	18	175.4079006
28	18	112.986333
29	18	131.5526201
30	18	190.7505745
1	19	143.0526652
2	19	130.1371386
3	19	225.3923501
4	19	226.6474527
5	19	191.6184951
6	19	301.1745254
7	19	216.7479925
8	19	19.83978995
9	19	115.4110655
10	19	221.0414204
11	19	135.6994465
12	19	242.6995479
13	19	243.9988254
14	19	251.5532357
15	19	305.4070612
16	19	226.515434
17	19	184.0037221
18	19	319.9357622
19	19	140.4567564
20	19	386.794342
21	19	258.7862399
22	19	79.13600577
23	19	168.85869
24	19	218.0096424
25	19	43.78610432
26	19	134.4005161
27	19	93.32050968
28	19	45.96814476
29	19	167.8966377
30	19	265.0986027
1	20	85.11480186
2	20	87.660733
3	20	187.739153
4	20	222.4008917
5	20	178.1871863
6	20	254.1133995
7	20	194.4503782
8	20	85.58259012
9	20	42.09139993
10	20	211.1416623
11	20	124.9685579
12	20	222.8181998
13	20	247.4844713
14	20	243.8898484
15	20	229.0351994
16	20	144.742749
17	20	140.1125975
18	20	295.2074716
19	20	152.7234617
20	20	272.1465428
21	20	231.1935267
22	20	124.667127
23	20	115.5244931
24	20	157.0073027
25	20	92.10439697
26	20	103.3429278
27	20	82.21025619
28	20	101.7854602
29	20	180.3569039
30	20	247.8279304
1	21	185.1482465
2	21	83.55060695
3	21	30.13287517
4	21	50.35817594
5	21	162.2951025
6	21	163.328332
7	21	197.9020567
8	21	113.9053339
9	21	133.7242594
10	21	182.7119834
11	21	170.5430625
12	21	202.5426777
13	21	131.0177568
14	21	154.1838487
15	21	220.6011933
16	21	213.728937
17	21	57.84175092
18	21	155.0516222
19	21	36.2656816
20	21	234.3671765
21	21	173.1080616
22	21	72.18599058
23	21	185.9728909
24	21	46.51419862
25	21	90.72253183
26	21	72.0747535
27	21	87.42588733
28	21	116.4758075
29	21	87.5444867
30	21	56.1705686
1	22	191.771629
2	22	72.8453027
3	22	37.26257578
4	22	109.5854222
5	22	189.2064702
6	22	218.5606719
7	22	208.6207493
8	22	131.8499127
9	22	147.2226911
10	22	206.516458
11	22	187.8635532
12	22	223.2476578
13	22	164.6181916
14	22	188.6437392
15	22	263.8320433
16	22	242.431501
17	22	41.39246702
18	22	231.4150518
19	22	74.45362471
20	22	288.2007688
21	22	200.6519745
22	22	98.69378078
23	22	174.3136347
24	22	31.55304989
25	22	99.19416836
26	22	68.77911236
27	22	96.66898098
28	22	145.4725342
29	22	126.8041101
30	22	105.9674821
1	23	77.82492827
2	23	102.8642787
3	23	129.2209411
4	23	101.8536394
5	23	64.17300028
6	23	126.1497442
7	23	70.31734907
8	23	48.68550835
9	23	73.62529975
10	23	81.31296196
11	23	52.62274039
12	23	80.47501585
13	23	105.5546519
14	23	92.71518483
15	23	123.8129796
16	23	93.64401297
17	23	109.1148983
18	23	126.582166
19	23	109.3322241
20	23	150.9027534
21	23	75.26739964
22	23	55.19307457
23	23	75.8807446
24	23	138.0894216
25	23	62.88149808
26	23	105.9804588
27	23	94.96204415
28	23	31.04298569
29	23	70.20735399
30	23	148.4740781
1	24	225.4386905
2	24	251.9532987
3	24	247.1324535
4	24	131.5080201
5	24	123.9602634
6	24	144.0458111
7	24	179.1982683
8	24	181.1979271
9	24	258.7434657
10	24	143.7089937
11	24	198.2506176
12	24	156.4055535
13	24	74.24225483
14	24	101.115678
15	24	233.9945969
16	24	271.4600142
17	24	258.7251035
18	24	127.7528684
19	24	196.6898763
20	24	254.7983717
21	24	104.5468979
22	24	150.8707387
23	24	224.3355653
24	24	272.9172949
25	24	165.2426828
26	24	213.0737263
27	24	207.1689962
28	24	143.4017723
29	24	47.80716566
30	24	183.9116599
1	25	116.2736719
2	25	23.70958776
3	25	50.23382035
4	25	94.00111467
5	25	150.6981808
6	25	172.2868916
7	25	161.5864462
8	25	71.00039487
9	25	87.38300655
10	25	166.3999361
11	25	126.6886392
12	25	196.7213606
13	25	144.2759863
14	25	192.7156479
15	25	203.6236535
16	25	155.6655571
17	25	21.08436612
18	25	179.1499115
19	25	52.56885259
20	25	223.4789493
21	25	168.8576443
22	25	59.86737417
23	25	125.4343874
24	25	37.34303166
25	25	56.13811717
26	25	18.92513555
27	25	36.27440481
28	25	98.11016381
29	25	123.9974485
30	25	118.0888462
1	26	162.1786954
2	26	150.1899175
3	26	125.7758147
4	26	73.81404904
5	26	100.91596
6	26	22.60845873
7	26	119.3889699
8	26	120.1534012
9	26	167.5915083
10	26	86.53671725
11	26	145.9330704
12	26	116.2532439
13	26	25.79459157
14	26	54.49690428
15	26	141.492394
16	26	168.4168006
17	26	140.457525
18	26	27.84015518
19	26	103.9772269
20	26	147.3813497
21	26	72.60465379
22	26	107.9328796
23	26	162.0281346
24	26	126.8201986
25	26	132.6542768
26	26	145.3164363
27	26	134.7941967
28	26	115.9022193
29	26	56.17729082
30	26	77.13561405
1	27	107.9290276
2	27	97.47616162
3	27	101.1749558
4	27	44.55158094
5	27	70.64678829
6	27	37.79472243
7	27	92.56210181
8	27	85.22963533
9	27	110.8193901
10	27	77.82449402
11	27	105.0379536
12	27	88.6948026
13	27	18.12077779
14	27	44.42606468
15	27	127.2655046
16	27	129.57248
17	27	93.49996868
18	27	48.92851278
19	27	71.49969165
20	27	125.8039415
21	27	54.40612717
22	27	61.88902038
23	27	107.2508786
24	27	102.9579697
25	27	83.68255799
26	27	98.58763732
27	27	102.3357814
28	27	70.69525378
29	27	25.22321502
30	27	53.42509805
1	28	25.56809928
2	28	69.74586463
3	28	109.7052481
4	28	90.77633761
5	28	41.54267645
6	28	101.2741567
7	28	30.81730527
8	28	47.47700418
9	28	43.28109564
10	28	53.43545503
11	28	12.94253862
12	28	40.78991102
13	28	85.96627652
14	28	70.37293836
15	28	42.42495186
16	28	19.09861889
17	28	84.29339264
18	28	91.02310308
19	28	79.79043103
20	28	62.21853729
21	28	60.09376516
22	28	63.6613157
23	28	13.65142424
24	28	108.2289124
25	28	57.58582092
26	28	73.04913268
27	28	66.88228747
28	28	35.92687211
29	28	73.77219425
30	28	108.5894772
1	29	39.76229961
2	29	96.64680449
3	29	106.0610655
4	29	94.11475774
5	29	24.7236968
6	29	99.74142743
7	29	20.56065672
8	29	54.54082347
9	29	63.52136485
10	29	37.31176341
11	29	25.35758507
12	29	33.37028902
13	29	74.82847185
14	29	61.98521532
15	29	39.88438636
16	29	42.66004975
17	29	105.4383551
18	29	87.60443096
19	29	88.32903948
20	29	67.35640725
21	29	45.51354875
22	29	70.41754426
23	29	38.70964951
24	29	115.816152
25	29	58.78549286
26	29	100.2047911
27	29	86.20323159
28	29	47.18917117
29	29	64.5927433
30	29	115.7541824
1	30	150.473431
2	30	167.6449762
3	30	199.5760428
4	30	127.000084
5	30	44.69510476
6	30	77.88308191
7	30	83.76496201
8	30	118.5434896
9	30	157.4197277
10	30	43.07633397
11	30	104.7127065
12	30	59.40348267
13	30	67.57519343
14	30	28.48074042
15	30	113.7358331
16	30	152.416697
17	30	191.7340195
18	30	70.84697859
19	30	164.9008726
20	30	124.198676
21	30	21.12061389
22	30	113.9035691
23	30	148.8872455
24	30	201.888689
25	30	136.9623456
26	30	181.72091
27	30	168.4251439
28	30	111.347004
29	30	72.34726486
30	30	153.5407453
1	31	160.4245488
2	31	148.6596853
3	31	183.7546692
4	31	101.4176563
5	31	79.690234
6	31	100.4266366
7	31	104.4419108
8	31	118.52975
9	31	162.448105
10	31	90.15266442
11	31	120.8100819
12	31	111.8746021
13	31	66.55920493
14	31	74.93289529
15	31	166.2649575
16	31	173.5475374
17	31	170.0785835
18	31	115.9883557
19	31	125.6289832
20	31	203.9417629
21	31	79.90217313
22	31	81.67794135
23	31	154.6490144
24	31	171.3595205
25	31	117.2252293
26	31	151.8108694
27	31	147.0008061
28	31	83.40737181
29	31	35.22945443
30	31	141.8186898
1	32	305.8491361
2	32	331.1330309
3	32	318.2042019
4	32	177.2282291
5	32	204.9385673
6	32	46.99239614
7	32	253.7766687
8	32	272.8587457
9	32	357.2767868
10	32	169.3453462
11	32	285.3206907
12	32	222.9876646
13	32	42.22243367
14	32	92.38082863
15	32	325.3145891
16	32	350.6852362
17	32	316.0593053
18	32	52.70527917
19	32	269.1129148
20	32	286.8117952
21	32	146.3614711
22	32	216.1582941
23	32	300.1455057
24	32	294.65111
25	32	281.4890595
26	32	323.1499183
27	32	289.9660817
28	32	250.3107596
29	32	115.3212755
30	32	169.5994352
1	33	100.4539568
2	33	42.82618061
3	33	45.84759118
4	33	38.88608006
5	33	86.46124314
6	33	98.44444385
7	33	114.2468461
8	33	48.44458991
9	33	75.90277547
10	33	96.17050717
11	33	87.2673633
12	33	103.5232559
13	33	79.28660296
14	33	100.2151458
15	33	122.2666158
16	33	130.6934649
17	33	43.35960575
18	33	109.475803
19	33	18.62863808
20	33	153.0437789
21	33	98.83017128
22	33	19.95541686
23	33	91.53045299
24	33	48.07672682
25	33	35.02089581
26	33	37.68289889
27	33	46.38288036
28	33	49.26480469
29	33	41.9433479
30	33	59.32565335
1	34	149.2598476
2	34	170.9679617
3	34	173.3116732
4	34	113.9362094
5	34	68.78954017
6	34	51.59262791
7	34	95.08534405
8	34	134.7608633
9	34	165.8192208
10	34	60.71474406
11	34	117.5240404
12	34	95.2075864
13	34	33.69526189
14	34	22.41752133
15	34	140.372022
16	34	177.9376652
17	34	174.6561964
18	34	46.21829737
19	34	122.9807532
20	34	146.4287
21	34	45.5939414
22	34	123.3011555
23	34	164.249519
24	34	188.6693404
25	34	145.225855
26	34	167.0691617
27	34	150.6899503
28	34	120.5506794
29	34	56.12079561
30	34	122.703807
1	35	166.6671479
2	35	165.5533746
3	35	202.6594711
4	35	135.3519399
5	35	134.7920143
6	35	211.6719891
7	35	159.2255542
8	35	93.33608833
9	35	168.8063341
10	35	171.7638744
11	35	126.9119014
12	35	202.7529622
13	35	141.7677442
14	35	165.026937
15	35	256.0996668
16	35	206.5258673
17	35	163.5410415
18	35	190.9668838
19	35	124.6938454
20	35	274.3878226
21	35	135.1728403
22	35	62.14011449
23	35	183.6603973
24	35	182.6176522
25	35	88.26524522
26	35	140.1361698
27	35	135.975903
28	35	69.95170413
29	35	72.4693807
30	35	170.9841329
1	36	87.89553385
2	36	121.2212753
3	36	223.8816762
4	36	242.3015895
5	36	238.4093435
6	36	324.8498812
7	36	234.9099483
8	36	86.34509095
9	36	22.6539091
10	36	248.6759746
11	36	112.3277263
12	36	260.7686582
13	36	277.0837632
14	36	315.1754014
15	36	279.3898053
16	36	172.0804146
17	36	191.3086823
18	36	348.5368553
19	36	182.0746261
20	36	326.2114655
21	36	281.1257171
22	36	136.3586484
23	36	110.456364
24	36	219.4701859
25	36	115.7641852
26	36	139.2527106
27	36	99.87522666
28	36	109.3960034
29	36	205.1592759
30	36	315.753426
1	37	199.0424162
2	37	273.619791
3	37	303.3638956
4	37	232.0973816
5	37	42.53407421
6	37	138.3921599
7	37	89.82739689
8	37	198.1396808
9	37	209.1625837
10	37	27.59586856
11	37	140.1679589
12	37	64.6753785
13	37	133.8966803
14	37	70.54318873
15	37	126.2140872
16	37	204.5891416
17	37	277.513162
18	37	147.8085325
19	37	260.783867
20	37	146.1426592
21	37	18.80375298
22	37	196.1122621
23	37	191.8653395
24	37	321.2695509
25	37	199.2438693
26	37	267.1398595
27	37	242.6402324
28	37	168.4473149
29	37	116.7457922
30	37	242.059267
1	38	94.51043783
2	38	61.49474601
3	38	60.58328159
4	38	19.36152846
5	38	64.28861776
6	38	70.52874155
7	38	90.86544871
8	38	52.99507132
9	38	83.87696038
10	38	83.31476877
11	38	73.26556572
12	38	95.29848737
13	38	41.75285117
14	38	62.63776869
15	38	112.8407774
16	38	119.5569979
17	38	65.16539367
18	38	74.244334
19	38	34.14645965
20	38	136.2650088
21	38	68.73616648
22	38	30.37849152
23	38	96.47161675
24	38	62.08049166
25	38	44.99536858
26	38	56.53801272
27	38	58.24103538
28	38	50.68954606
29	38	19.93585248
30	38	34.84588988
1	39	58.75400943
2	39	149.1989707
3	39	238.89361
4	39	240.7309526
5	39	155.3097233
6	39	290.6619351
7	39	146.7204451
8	39	126.0357253
9	39	76.13713921
10	39	188.522792
11	39	91.49609732
12	39	163.9103381
13	39	262.599912
14	39	231.654535
15	39	163.7235419
16	39	72.05148985
17	39	176.9665088
18	39	255.4323562
19	39	179.4225513
20	39	201.3293476
21	39	205.4923312
22	39	152.4316719
23	39	69.37486763
24	39	224.3398315
25	39	141.3268258
26	39	181.7277388
27	39	153.7108733
28	39	115.6812836
29	39	183.6188903
30	39	287.4018972
1	40	147.1052192
2	40	144.2558478
3	40	131.4236705
4	40	75.4094915
5	40	71.80309935
6	40	63.74466075
7	40	107.4174041
8	40	99.97186828
9	40	150.3251875
10	40	80.02621088
11	40	115.7347695
12	40	98.97832549
13	40	28.18148605
14	40	49.9574575
15	40	141.2354875
16	40	172.4151082
17	40	145.6396971
18	40	73.7659658
19	40	109.9070832
20	40	160.0473272
21	40	59.70057859
22	40	96.30045383
23	40	148.8282688
24	40	158.9915297
25	40	107.8519746
26	40	139.8804811
27	40	131.48027
28	40	98.08096363
29	40	36.52677781
30	40	109.5740134
1	41	145.081632
2	41	202.6960049
3	41	229.5481509
4	41	170.4205576
5	41	37.90508661
6	41	106.9981901
7	41	51.90424093
8	41	148.9099318
9	41	158.6000252
10	41	22.97021411
11	41	118.5734122
12	41	28.25185031
13	41	99.87855458
14	41	62.38557336
15	41	69.46549349
16	41	127.0447124
17	41	232.9736209
18	41	112.2558873
19	41	194.4920924
20	41	73.46509179
21	41	30.80726808
22	41	157.6977944
23	41	118.1999446
24	41	240.3125855
25	41	151.9022662
26	41	184.9851433
27	41	172.7620956
28	41	116.9171749
29	41	112.6683377
30	41	174.056072
1	42	203.5515553
2	42	216.7579899
3	42	232.0669655
4	42	172.2315886
5	42	71.18537482
6	42	107.1272411
7	42	108.7407945
8	42	171.3609527
9	42	238.6486895
10	42	78.83014801
11	42	169.7066844
12	42	104.3824949
13	42	66.28799538
14	42	35.56944451
15	42	170.3958966
16	42	211.4192104
17	42	227.4131768
18	42	102.7607916
19	42	179.8380366
20	42	194.8862092
21	42	45.21279179
22	42	172.0357614
23	42	176.9373391
24	42	248.4810769
25	42	174.4435584
26	42	232.6044566
27	42	209.5019402
28	42	147.5800897
29	42	94.32896904
30	42	203.6939513
1	43	162.7977833
2	43	144.8909386
3	43	250.5775218
4	43	331.6959915
5	43	312.8880737
6	43	436.5566029
7	43	303.492377
8	43	142.0669394
9	43	87.5954322
10	43	332.066385
11	43	210.4438985
12	43	336.843864
13	43	379.4040423
14	43	388.7778219
15	43	334.7037166
16	43	266.2432119
17	43	195.3822422
18	43	433.1019073
19	43	218.7319559
20	43	396.7647711
21	43	376.8710123
22	43	200.4783122
23	43	178.080864
24	43	226.4124589
25	43	161.2583866
26	43	150.185406
27	43	137.6981475
28	43	170.9551145
29	43	294.9163152
30	43	342.7314971
1	44	43.69248768
2	44	97.37991096
3	44	130.3771015
4	44	146.8523332
5	44	111.5395541
6	44	180.7697532
7	44	106.5800656
8	44	83.39934919
9	44	49.6646412
10	44	111.0389362
11	44	60.12857845
12	44	102.9826403
13	44	139.7563543
14	44	158.2424099
15	44	105.1214643
16	44	60.80447068
17	44	117.3787649
18	44	183.8748663
19	44	132.8315695
20	44	141.9028643
21	44	113.9987641
22	44	94.23698016
23	44	52.18888971
24	44	142.0146452
25	44	85.11898854
26	44	100.8724614
27	44	79.52075567
28	44	87.59673344
29	44	127.6050957
30	44	160.1048526
1	45	84.26999162
2	45	135.2443297
3	45	224.0831335
4	45	178.4124965
5	45	98.5620409
6	45	198.8862635
7	45	111.2158545
8	45	72.8259927
9	45	90.42849094
10	45	120.3594882
11	45	43.23814079
12	45	120.6723413
13	45	170.2121622
14	45	159.0754245
15	45	165.9020839
16	45	118.0673097
17	45	194.8457189
18	45	194.8446911
19	45	144.9420037
20	45	179.6044164
21	45	119.3371863
22	45	108.2387141
23	45	79.34342958
24	45	215.956595
25	45	82.22445609
26	45	165.6307371
27	45	126.4336658
28	45	41.98822078
29	45	122.5822513
30	45	213.2479406
1	46	218.4755979
2	46	170.5351434
3	46	135.9135849
4	46	78.04168062
5	46	149.4003178
6	46	53.54495036
7	46	193.6250981
8	46	156.7450709
9	46	225.5227737
10	46	160.74137
11	46	188.3811725
12	46	162.2465318
13	46	58.34778188
14	46	94.37028188
15	46	199.4493663
16	46	208.2378674
17	46	180.5083397
18	46	65.86092671
19	46	124.4496734
20	46	195.3802896
21	46	137.82881
22	46	149.6527377
23	46	222.112232
24	46	173.4376332
25	46	176.5188747
26	46	169.7687346
27	46	194.8722638
28	46	174.814676
29	46	98.99415697
30	46	81.20748033
1	47	95.22065261
2	47	108.6969705
3	47	155.7045137
4	47	127.4478657
5	47	123.4608497
6	47	190.434262
7	47	138.1602681
8	47	34.68793196
9	47	88.74064231
10	47	131.4680388
11	47	84.66362032
12	47	154.1446198
13	47	150.9962897
14	47	177.5445114
15	47	192.2547696
16	47	144.0752435
17	47	134.5041274
18	47	181.4685006
19	47	114.6069989
20	47	206.2868155
21	47	126.6611166
22	47	54.03062996
23	47	104.1057603
24	47	150.737649
25	47	50.31316491
26	47	102.0885244
27	47	81.77925136
28	47	14.5627703
29	47	105.685821
30	47	175.962067
1	48	258.6567473
2	48	275.4677995
3	48	282.4714903
4	48	181.2713695
5	48	106.1748587
6	48	167.3944562
7	48	163.4086838
8	48	173.0809712
9	48	259.5074329
10	48	126.8560139
11	48	193.9152298
12	48	150.9173775
13	48	128.9975768
14	48	126.7743082
15	48	231.2007873
16	48	288.4909334
17	48	291.7109594
18	48	169.23068
19	48	239.7535194
20	48	281.2988915
21	48	106.6360411
22	48	163.8598594
23	48	250.752322
24	48	290.6069806
25	48	186.7580083
26	48	276.4605473
27	48	231.8841812
28	48	144.1751144
29	48	79.15445957
30	48	218.6557929
1	49	112.2123101
2	49	169.6244894
3	49	212.1704552
4	49	187.8673879
5	49	83.59171555
6	49	181.6489786
7	49	111.7445326
8	49	79.4094727
9	49	126.5707685
10	49	102.7311794
11	49	71.09960019
12	49	126.0501776
13	49	142.1246847
14	49	136.5220654
15	49	175.6155696
16	49	141.3471782
17	49	173.6988789
18	49	198.8433588
19	49	169.3209037
20	49	219.7645906
21	49	107.0333843
22	49	101.7935377
23	49	115.6806057
24	49	219.1212187
25	49	102.8209926
26	49	171.7546567
27	49	137.7524003
28	49	49.27504322
29	49	109.3736502
30	49	209.5643034
1	50	92.24108939
2	50	84.14764186
3	50	167.1533354
4	50	197.4661143
5	50	170.3409088
6	50	263.2002864
7	50	169.3963165
8	50	88.97876575
9	50	45.97358754
10	50	215.355503
11	50	111.8506039
12	50	194.9940233
13	50	218.1000861
14	50	245.4027146
15	50	195.9293969
16	50	140.5846328
17	50	111.1384035
18	50	246.7172529
19	50	126.4099268
20	50	239.1312652
21	50	193.6069819
22	50	121.2866043
23	50	115.3151172
24	50	127.8508002
25	50	85.37996905
26	50	107.0174353
27	50	81.77947906
28	50	108.9375383
29	50	184.3196075
30	50	222.5322751
1	51	266.1662332
2	51	225.6417888
3	51	169.7122815
4	51	102.1689734
5	51	165.3837082
6	51	47.57444589
7	51	184.6445816
8	51	189.7233852
9	51	244.2266153
10	51	152.4571739
11	51	223.42602
12	51	169.5709045
13	51	55.07049679
14	51	109.7763216
15	51	232.4800293
16	51	289.7082827
17	51	220.7109849
18	51	57.19412441
19	51	167.6142889
20	51	256.6551958
21	51	133.0226989
22	51	155.0302609
23	51	233.1313495
24	51	207.3339762
25	51	172.2909752
26	51	225.429629
27	51	224.7320234
28	51	173.8068905
29	51	102.9931544
30	51	113.6331023
1	52	109.9768563
2	52	199.402997
3	52	300.8695743
4	52	311.4706347
5	52	264.2819897
6	52	429.2197562
7	52	247.6618998
8	52	163.7609211
9	52	113.3008551
10	52	287.4454275
11	52	151.1220115
12	52	266.604441
13	52	370.1338218
14	52	332.702558
15	52	290.9703932
16	52	145.4226035
17	52	252.3208492
18	52	431.8892672
19	52	254.8921285
20	52	294.8610202
21	52	295.5154744
22	52	210.3315131
23	52	130.634659
24	52	273.0945433
25	52	201.9763876
26	52	204.6827044
27	52	196.0937548
28	52	178.0405587
29	52	307.3132838
30	52	387.7887795
1	53	114.0649734
2	53	46.82306589
3	53	15.62507371
4	53	69.21278094
5	53	140.486511
6	53	148.082561
7	53	152.3083787
8	53	77.23293837
9	53	103.5707794
10	53	144.9816946
11	53	126.0447933
12	53	142.4358417
13	53	115.6789595
14	53	138.3985659
15	53	159.8738996
16	53	138.5288737
17	53	20.66885581
18	53	153.8559279
19	53	34.56871507
20	53	191.8623605
21	53	131.5277534
22	53	63.28878668
23	53	140.1833582
24	53	5.462206515
25	53	64.41967094
26	53	33.63645295
27	53	50.94148437
28	53	86.76881268
29	53	92.09592554
30	53	73.91246925
1	54	245.5130794
2	54	138.3081664
3	54	124.3304645
4	54	57.56975009
5	54	219.5612914
6	54	185.764695
7	54	259.044735
8	54	123.5680485
9	54	216.438632
10	54	241.3258763
11	54	221.3806428
12	54	230.6504374
13	54	144.8435197
14	54	182.6750786
15	54	281.478355
16	54	276.6969695
17	54	142.9018171
18	54	189.6800204
19	54	65.93158677
20	54	364.0384524
21	54	217.1336545
22	54	63.4394731
23	54	223.0498803
24	54	133.0931698
25	54	117.2242895
26	54	140.0695096
27	54	146.3416407
28	54	132.6619775
29	54	73.69190321
30	54	105.9422075
1	55	221.3345985
2	55	149.4221731
3	55	132.8111481
4	55	65.34502661
5	55	189.9420815
6	55	174.6593059
7	55	247.5288737
8	55	117.1968597
9	55	213.7970027
10	55	205.5089315
11	55	199.6512037
12	55	245.0228804
13	55	127.21867
14	55	179.4667702
15	55	295.1584777
16	55	299.847279
17	55	147.0233916
18	55	200.1274292
19	55	81.13529999
20	55	319.8298521
21	55	180.8924336
22	55	73.86448198
23	55	255.978548
24	55	152.8718122
25	55	106.6708556
26	55	146.2855282
27	55	151.1189999
28	55	135.7505147
29	55	79.00269788
30	55	114.3975852
1	56	274.4407571
2	56	139.0977317
3	56	71.38263914
4	56	74.41600812
5	56	236.8264488
6	56	231.8863607
7	56	316.1469152
8	56	195.9136939
9	56	226.361098
10	56	280.378296
11	56	277.7928192
12	56	321.7180596
13	56	189.3215854
14	56	242.8754865
15	56	350.7839273
16	56	353.9903754
17	56	115.3271534
18	56	224.8853969
19	56	87.97826014
20	56	376.1290295
21	56	249.3099858
22	56	139.03454
23	56	268.468031
24	56	86.51904043
25	56	148.482837
26	56	141.2123222
27	56	157.2006517
28	56	200.5677768
29	56	135.5315288
30	56	56.63961007
1	57	105.7741994
2	57	142.5404912
3	57	148.9202122
4	57	112.0706322
5	57	43.77932968
6	57	66.67185654
7	57	53.49939946
8	57	111.5349636
9	57	124.458704
10	57	31.694132
11	57	90.82988081
12	57	37.15891389
13	57	64.24048945
14	57	30.3467976
15	57	57.03365173
16	57	109.2938669
17	57	144.6291869
18	57	62.9846848
19	57	134.0686976
20	57	68.9391046
21	57	27.91471552
22	57	98.71573106
23	57	105.1827961
24	57	165.0323573
25	57	122.7566852
26	57	133.0926315
27	57	124.0689063
28	57	88.66635955
29	57	70.65857775
30	57	137.3765658
1	58	208.4708157
2	58	136.191295
3	58	119.1000693
4	58	63.39537469
5	58	210.5879048
6	58	192.9070429
7	58	267.3814633
8	58	137.0445125
9	58	208.556809
10	58	231.4781791
11	58	211.2815917
12	58	235.2699997
13	58	149.9734786
14	58	221.0184402
15	58	327.5045935
16	58	271.2673726
17	58	113.0131432
18	58	198.2788593
19	58	53.10598021
20	58	370.1071176
21	58	199.0018139
22	58	63.31400705
23	58	219.9558478
24	58	109.6003033
25	58	96.62561838
26	58	109.0624576
27	58	126.9833573
28	58	131.5143679
29	58	82.01220122
30	58	91.95604113
1	59	85.32414782
2	59	252.7236989
3	59	347.1110052
4	59	365.9408635
5	59	231.2627523
6	59	437.497807
7	59	220.6347274
8	59	200.5732645
9	59	118.0187596
10	59	273.7045718
11	59	119.977061
12	59	239.0492359
13	59	393.4149258
14	59	329.2475771
15	59	262.2225618
16	59	111.2964809
17	59	315.7548009
18	59	432.5088008
19	59	337.8600347
20	59	292.3797641
21	59	312.513544
22	59	261.3679549
23	59	87.68756049
24	59	375.693692
25	59	201.7967339
26	59	277.7756857
27	59	233.1212492
28	59	180.4816339
29	59	327.6964193
30	59	393.074196
1	60	58.26303444
2	60	215.1321912
3	60	277.6788895
4	60	267.3635614
5	60	135.7125849
6	60	292.235507
7	60	107.5892143
8	60	139.8657406
9	60	100.7780568
10	60	141.5015409
11	60	74.80677401
12	60	131.3836843
13	60	224.0802996
14	60	233.2492929
15	60	123.0947337
16	60	27.38993005
17	60	234.6564317
18	60	268.2891824
19	60	209.2978649
20	60	183.0472884
21	60	162.7160326
22	60	192.1802774
23	60	37.07017237
24	60	284.1803748
25	60	160.8257467
26	60	210.9112937
27	60	161.2627294
28	60	126.782534
29	60	209.1019305
30	60	313.1598019
1	61	452.096763
2	61	372.0415025
3	61	330.6457181
4	61	204.9272284
5	61	286.9847466
6	61	60.76898129
7	61	300.5627866
8	61	321.4288196
9	61	399.0208702
10	61	247.186998
11	61	368.1371896
12	61	314.246744
13	61	113.5097644
14	61	157.7092927
15	61	359.6119105
16	61	424.8517619
17	61	393.3947452
18	61	78.64214504
19	61	296.2635953
20	61	365.8710199
21	61	224.7758591
22	61	323.5623643
23	61	378.436052
24	61	330.5508272
25	61	345.514306
26	61	398.2186932
27	61	398.1052526
28	61	311.8679802
29	61	203.1185419
30	61	231.2870676
1	62	106.8313274
2	62	109.9395655
3	62	191.599805
4	62	163.4413138
5	62	131.2750291
6	62	251.6190384
7	62	170.5035538
8	62	30.58336194
9	62	95.85203949
10	62	167.4204228
11	62	90.19127253
12	62	199.2387246
13	62	178.2447898
14	62	177.9319229
15	62	214.6971664
16	62	178.8601723
17	62	145.628357
18	62	224.1005228
19	62	133.4639517
20	62	244.9393519
21	62	159.2904305
22	62	58.30857294
23	62	113.5365971
24	62	158.9124657
25	62	43.79808401
26	62	114.6075059
27	62	86.03362631
28	62	18.78600532
29	62	129.3184712
30	62	221.5059129
1	63	49.59103219
2	63	43.02292676
3	63	82.40346825
4	63	103.0917264
5	63	96.33197085
6	63	135.4283945
7	63	94.39327449
8	63	43.89784342
9	63	25.62106314
10	63	105.4261789
11	63	55.30786525
12	63	101.2975408
13	63	125.829357
14	63	124.6153475
15	63	116.63521
16	63	83.44093283
17	63	67.53539774
18	63	149.7844645
19	63	69.74933321
20	63	137.8901411
21	63	108.065467
22	63	59.80232566
23	63	61.58463982
24	63	72.41203076
25	63	40.02600729
26	63	52.38628926
27	63	35.69843913
28	63	49.76422301
29	63	94.58608093
30	63	121.889782
1	64	27.07073347
2	64	55.667286
3	64	96.53085334
4	64	106.1355654
5	64	79.21183952
6	64	128.9440812
7	64	76.31185084
8	64	43.5508407
9	64	10.6570141
10	64	94.88829225
11	64	44.13273654
12	64	102.9095788
13	64	117.4470551
14	64	106.3146453
15	64	99.57781604
16	64	58.34361537
17	64	75.87494258
18	64	146.3092282
19	64	74.41041146
20	64	119.431372
21	64	109.2911515
22	64	60.02178061
23	64	38.3482373
24	64	81.18698116
25	64	49.49919457
26	64	69.1127863
27	64	52.01329156
28	64	46.03168288
29	64	83.14590117
30	64	116.453273
1	65	94.56562666
2	65	28.7448992
3	65	26.96281993
4	65	49.93676367
5	65	103.3974108
6	65	106.3294519
7	65	112.7435475
8	65	46.194242
9	65	69.98556651
10	65	112.4673538
11	65	90.38870635
12	65	116.998378
13	65	83.60719826
14	65	111.8148714
15	65	136.3043583
16	65	115.7132601
17	65	18.85247309
18	65	108.7478152
19	65	10.82593147
20	65	138.1187352
21	65	107.1150789
22	65	32.30368185
23	65	91.09131196
24	65	20.32501793
25	65	32.92855493
26	65	19.75753224
27	65	30.62869847
28	65	59.19982784
29	65	59.68159631
30	65	58.50381261
1	66	37.03193628
2	66	39.67558552
3	66	70.85180245
4	66	75.91747954
5	66	75.86692663
6	66	107.3840301
7	66	75.50375059
8	66	39.11526668
9	66	20.54032218
10	66	85.20679395
11	66	48.66314846
12	66	83.84713584
13	66	84.70647563
14	66	99.84294301
15	66	80.60396365
16	66	57.73300179
17	66	53.59431272
18	66	96.57525653
19	66	58.31550132
20	66	92.02985862
21	66	85.87431409
22	66	53.8189534
23	66	44.46462788
24	66	56.69065544
25	66	41.68118528
26	66	46.28907111
27	66	34.93620553
28	66	40.97278453
29	66	75.84136904
30	66	86.69678346
1	67	80.92002106
2	67	67.1843077
3	67	52.78674418
4	67	21.86763243
5	67	52.0006147
6	67	33.4430587
7	67	67.65338768
8	67	58.26628871
9	67	87.27698667
10	67	60.97162843
11	67	75.29878504
12	67	70.25218902
13	67	22.6078992
14	67	43.06791767
15	67	93.98748608
16	67	92.64554696
17	67	59.7302637
18	67	39.54669826
19	67	40.99298204
20	67	93.60343102
21	67	45.00416955
22	67	40.32311927
23	67	74.13335845
24	67	56.24677292
25	67	52.72654051
26	67	66.29121663
27	67	61.58834069
28	67	57.18206127
29	67	18.35449845
30	67	28.77591754
1	68	15.27823829
2	68	62.30405077
3	68	90.51777089
4	68	81.82885171
5	68	41.66541177
6	68	88.41332387
7	68	36.65479171
8	68	44.38765166
9	68	35.22824874
10	68	53.62751612
11	68	11.71407555
12	68	44.72782756
13	68	78.10141024
14	68	70.88948976
15	68	50.73309135
16	68	18.66523954
17	68	81.29561575
18	68	96.24184424
19	68	70.38771751
20	68	63.37082651
21	68	52.9892855
22	68	51.11981166
23	68	6.629430469
24	68	85.11030941
25	68	48.22038506
26	68	74.61618914
27	68	57.52151034
28	68	30.82171548
29	68	60.68647075
30	68	90.87586659
1	69	72.88965039
2	69	172.3077413
3	69	285.8334919
4	69	288.593588
5	69	239.7824571
6	69	417.7268924
7	69	246.0049001
8	69	99.6798624
9	69	27.45820207
10	69	252.4023201
11	69	111.4612576
12	69	250.678065
13	69	354.8205502
14	69	340.2642939
15	69	291.2207854
16	69	179.1140163
17	69	209.8890337
18	69	389.486917
19	69	208.6992374
20	69	309.1149295
21	69	301.6284716
22	69	188.7004944
23	69	104.7615347
24	69	244.0583042
25	69	116.8830426
26	69	178.2422427
27	69	135.7011492
28	69	123.0353773
29	69	270.2678285
30	69	371.2891188
1	70	173.6831792
2	70	123.764067
3	70	90.80097685
4	70	15.6865186
5	70	134.4731396
6	70	113.4641194
7	70	172.8450909
8	70	118.8069548
9	70	161.3366843
10	70	147.9940922
11	70	142.6865567
12	70	166.9435116
13	70	76.89080076
14	70	113.9859796
15	70	223.0873761
16	70	195.5984321
17	70	98.62073792
18	70	120.5526751
19	70	69.0766113
20	70	239.1993411
21	70	139.3587887
22	70	72.80890007
23	70	189.6799199
24	70	97.86904123
25	70	96.40994615
26	70	101.3624719
27	70	115.6159724
28	70	113.4978019
29	70	54.17297906
30	70	37.5347125
1	71	170.4796153
2	71	149.2905834
3	71	120.7698411
4	71	66.16515112
5	71	118.2660604
6	71	42.20018526
7	71	139.9168509
8	71	120.0748164
9	71	171.519528
10	71	112.1052208
11	71	139.6906055
12	71	122.5790095
13	71	42.39979463
14	71	65.83904539
15	71	172.9754174
16	71	165.7825316
17	71	136.0325832
18	71	48.28018608
19	71	97.76573743
20	71	155.6296357
21	71	87.6424573
22	71	97.81337214
23	71	163.3788604
24	71	144.922521
25	71	118.4107004
26	71	144.6901413
27	71	132.3553472
28	71	127.2968697
29	71	63.36258678
30	71	62.1795313
1	72	285.716658
2	72	270.9629156
3	72	245.2423076
4	72	158.9449055
5	72	153.3549321
6	72	43.31233868
7	72	192.7858148
8	72	248.6482153
9	72	272.8007801
10	72	153.0563482
11	72	214.5715094
12	72	175.2308676
13	72	35.87653071
14	72	59.24055788
15	72	220.8895999
16	72	281.6044516
17	72	289.4392441
18	72	48.6888083
19	72	238.2062697
20	72	233.2447121
21	72	112.2637784
22	72	186.5173852
23	72	273.8864087
24	72	293.4591197
25	72	229.9916172
26	72	264.5959205
27	72	241.5795545
28	72	198.7381221
29	72	91.26127305
30	72	192.2491828
1	73	43.98858929
2	73	25.07924477
3	73	69.70709844
4	73	76.86124211
5	73	82.67687419
6	73	117.0593425
7	73	79.33002603
8	73	19.77531514
9	73	23.56404306
10	73	90.71421881
11	73	48.90387783
12	73	96.35135985
13	73	90.44978135
14	73	100.8958371
15	73	98.32614701
16	73	73.00625491
17	73	49.64434188
18	73	125.6143741
19	73	52.33483659
20	73	111.9515378
21	73	84.48701599
22	73	39.7059601
23	73	58.39519529
24	73	57.48299219
25	73	21.3950473
26	73	32.26053815
27	73	19.43577172
28	73	30.81968983
29	73	73.37328922
30	73	97.6357058
1	74	40.89392288
2	74	93.49372256
3	74	128.9291592
4	74	121.2333219
5	74	60.68123872
6	74	137.7109183
7	74	58.6387224
8	74	49.00988516
9	74	54.71677048
10	74	72.93253556
11	74	14.62439318
12	74	78.29909434
13	74	126.886218
14	74	111.7495563
15	74	96.8703613
16	74	61.55385239
17	74	112.8823012
18	74	138.7546205
19	74	108.3259114
20	74	124.2171196
21	74	79.8216323
22	74	77.19533171
23	74	37.15232008
24	74	140.7154781
25	74	67.81545518
26	74	111.2712631
27	74	77.68583785
28	74	33.00231324
29	74	88.63245316
30	74	156.9085479
1	75	52.56042251
2	75	133.3251159
3	75	250.3056047
4	75	251.2273181
5	75	197.2068651
6	75	325.0882943
7	75	163.7348805
8	75	88.47395245
9	75	21.11601482
10	75	201.4442655
11	75	94.7239679
12	75	217.6642123
13	75	254.9794854
14	75	245.958937
15	75	229.2453797
16	75	122.3259705
17	75	185.0115065
18	75	315.2563247
19	75	175.1514681
20	75	292.7339894
21	75	245.0213663
22	75	131.55803
23	75	77.46205921
24	75	215.5936425
25	75	111.4182874
26	75	154.3314569
27	75	124.4950438
28	75	86.96825787
29	75	217.7442044
30	75	291.3139171
;		

param Dmax:=		
35
;		

param Cmin:=
77.15%
;