set I:=
1
2
3
4
5
6
7
8
9
10
11
12
13
14
15
16
17
18
19
20
21
22
23
24
25
26
27
28
29
30
;

set J:=
1
2
3
4
5
6
7
8
9
10
11
12
13
14
15
16
17
18
19
20
21
22
23
24
25
26
27
28
29
30
31
32
33
34
35
36
37
38
39
40
41
42
43
44
45
46
47
48
49
50
51
52
53
54
55
56
57
58
59
60
61
62
63
64
65
66
67
68
69
70
71
72
73
74
75
;

param f:=
1	700
2	700
3	700
4	700
5	700
6	700
7	700
8	700
9	700
10	700
11	700
12	700
13	700
14	700
15	700
16	700
17	700
18	700
19	700
20	700
21	700
22	700
23	700
24	700
25	700
26	700
27	700
28	700
29	700
30	700
;	

param d:=	
1	25
2	48
3	17
4	45
5	16
6	23
7	36
8	44
9	41
10	11
11	29
12	13
13	20
14	33
15	25
16	16
17	39
18	35
19	41
20	28
21	41
22	26
23	43
24	31
25	11
26	18
27	39
28	37
29	13
30	18
31	11
32	49
33	31
34	29
35	32
36	27
37	27
38	22
39	20
40	23
41	40
42	41
43	30
44	11
45	28
46	30
47	33
48	39
49	25
50	38
51	23
52	42
53	40
54	32
55	21
56	15
57	39
58	33
59	40
60	39
61	19
62	35
63	28
64	43	
65	17	
66	44	
67	14	
68	43	
69	39	
70	47	
71	28	
72	48	
73	45	
74	39	
75	35	
;		

param h:=		
1	1	18
2	1	56
3	1	102
4	1	181
5	1	137
6	1	73
7	1	180
8	1	209
9	1	203
10	1	158
11	1	40
12	1	183
13	1	62
14	1	172
15	1	174
16	1	136
17	1	124
18	1	72
19	1	45
20	1	170
21	1	128
22	1	31
23	1	171
24	1	15
25	1	109
26	1	160
27	1	138
28	1	185
29	1	152
30	1	99
1	2	99
2	2	62
3	2	101
4	2	158
5	2	41
6	2	169
7	2	215
8	2	154
9	2	155
10	2	108
11	2	136
12	2	177
13	2	64
14	2	109
15	2	104
16	2	128
17	2	119
18	2	136
19	2	162
20	2	142
21	2	50
22	2	94
23	2	157
24	2	116
25	2	106
26	2	68
27	2	107
28	2	179
29	2	200
30	2	32
1	3	177
2	3	190
3	3	97
4	3	56
5	3	167
6	3	143
7	3	40
8	3	107
9	3	95
10	3	103
11	3	150
12	3	29
13	3	156
14	3	117
15	3	127
16	3	66
17	3	76
18	3	112
19	3	187
20	3	68
21	3	150
22	3	160
23	3	47
24	3	168
25	3	91
26	3	160
27	3	91
28	3	29
29	3	58
30	3	163
1	4	75
2	4	101
3	4	55
4	4	118
5	4	132
6	4	47
7	4	103
8	4	158
9	4	149
10	4	116
11	4	42
12	4	113
13	4	75
14	4	133
15	4	139
16	4	76
17	4	66
18	4	4
19	4	81
20	4	112
21	4	116
22	4	61
23	4	106
24	4	61
25	4	59
26	4	145
27	4	91
28	4	115
29	4	77
30	4	105
1	5	21
2	5	43
3	5	69
4	5	149
5	5	104
6	5	79
7	5	160
8	5	174
9	5	168
10	5	123
11	5	44
12	5	154
13	5	30
14	5	137
15	5	138
16	5	104
17	5	92
18	5	56
19	5	72
20	5	136
21	5	94
22	5	4
23	5	140
24	5	26
25	5	76
26	5	126
27	5	103
28	5	156
29	5	136
30	5	68
1	6	186
2	6	204
3	6	115
4	6	86
5	6	191
6	6	138
7	6	15
8	6	136
9	6	124
10	6	131
11	6	153
12	6	58
13	6	171
14	6	146
15	6	156
16	6	90
17	6	97
18	6	117
19	6	186
20	6	97
21	6	174
22	6	170
23	6	76
24	6	174
25	6	110
26	6	187
27	6	116
28	6	58
29	6	44
30	6	184
1	7	93
2	7	87
3	7	23
4	7	84
5	7	61
6	7	121
7	7	134
8	7	101
9	7	97
10	7	51
11	7	100
12	7	98
13	7	53
14	7	65
15	7	68
16	7	47
17	7	37
18	7	77
19	7	138
20	7	69
21	7	43
22	7	76
23	7	79
24	7	96
25	7	25
26	7	69
27	7	33
28	7	101
29	7	121
30	7	50
1	8	127
2	8	97
3	8	98
4	8	135
5	8	13
6	8	186
7	8	206
8	8	121
9	8	124
10	8	82
11	8	157
12	8	158
13	8	85
14	8	77
15	8	70
16	8	115
17	8	109
18	8	147
19	8	188
20	8	118
21	8	31
22	8	119
23	8	137
24	8	141
25	8	100
26	8	30
27	8	89
28	8	160
29	8	197
30	8	47
1	9	102
2	9	135
3	9	94
4	9	143
5	9	173
6	9	29
7	9	96
8	9	188
9	9	179
10	9	151
11	9	55
12	9	130
13	9	113
14	9	169
15	9	176
16	9	107
17	9	99
18	9	40
19	9	78
20	9	140
21	9	157
22	9	92
23	9	129
24	9	83
25	9	96
26	9	185
27	9	127
28	9	132
29	9	65
30	9	146
1	10	154
2	10	134
3	10	88
4	10	88
5	10	51
6	10	190
7	10	174
8	10	64
9	10	68
10	10	38
11	10	169
12	10	115
13	10	109
14	10	25
15	10	15
16	10	85
17	10	85
18	10	146
19	10	206
20	10	73
21	10	47
22	10	140
23	10	94
24	10	162
25	10	86
26	10	26
27	10	58
28	10	116
29	10	172
30	10	80
1	11	114
2	11	109
3	11	28
4	11	62
5	11	71
6	11	131
7	11	122
8	11	81
9	11	75
10	11	32
11	11	115
12	11	78
13	11	75
14	11	49
15	11	55
16	11	30
17	11	26
18	11	87
19	11	154
20	11	47
21	11	53
22	11	97
23	11	58
24	11	115
25	11	25
26	11	70
27	11	11
28	11	81
29	11	114
30	11	69
1	12	104
2	12	115
3	12	25
4	12	71
5	12	109
6	12	94
7	12	88
8	12	111
9	12	102
10	12	72
11	12	87
12	12	71
13	12	81
14	12	90
15	12	98
16	12	29
17	12	20
18	12	51
19	12	127
20	12	64
21	12	91
22	12	86
23	12	60
24	12	97
25	12	22
26	12	113
27	12	48
28	12	73
29	12	73
30	12	94
1	13	64
2	13	83
3	13	37
4	13	111
5	13	108
6	13	67
7	13	116
8	13	145
9	13	137
10	13	99
11	13	49
12	13	112
13	13	53
14	13	115
15	13	120
16	13	66
17	13	54
18	13	24
19	13	89
20	13	101
21	13	92
22	13	47
23	13	100
24	13	56
25	13	42
26	13	122
27	13	75
28	13	114
29	13	93
30	13	81
1	14	167
2	14	151
3	14	89
4	14	69
5	14	74
6	14	192
7	14	160
8	14	40
9	14	44
10	14	28
11	14	175
12	14	96
13	14	123
14	14	11
15	14	10
16	14	76
17	14	81
18	14	148
19	14	213
20	14	56
21	14	66
22	14	151
23	14	77
24	14	172
25	14	85
26	14	50
27	14	53
28	14	98
29	14	162
30	14	99
1	15	91
2	15	110
3	15	40
4	15	95
5	15	124
6	15	69
7	15	89
8	15	136
9	15	127
10	15	97
11	15	65
12	15	90
13	15	79
14	15	114
15	15	121
16	15	54
17	15	45
18	15	27
19	15	104
20	15	89
21	15	106
22	15	74
23	15	83
24	15	80
25	15	41
26	15	132
27	15	72
28	15	92
29	15	67
30	15	102
1	16	86
2	16	55
3	16	78
4	16	139
5	16	35
6	16	150
7	16	192
8	16	140
9	16	139
10	16	91
11	16	118
12	16	156
13	16	45
14	16	95
15	16	92
16	16	106
17	16	97
18	16	114
19	16	147
20	16	122
21	16	35
22	16	78
23	16	136
24	16	100
25	16	83
26	16	62
27	16	86
28	16	159
29	16	177
30	16	9
1	17	83
2	17	59
3	17	63
4	17	124
5	17	35
6	17	140
7	17	176
8	17	128
9	17	127
10	17	78
11	17	110
12	17	141
13	17	39
14	17	84
15	17	82
16	17	90
17	17	80
18	17	102
19	17	142
20	17	107
21	17	27
22	17	73
23	17	121
24	17	95
25	17	67
26	17	59
27	17	71
28	17	143
29	17	161
30	17	7
1	18	49
2	18	43
3	18	51
4	18	128
5	18	74
6	18	102
7	18	158
8	18	147
9	18	143
10	18	95
11	18	71
12	18	138
13	18	8
14	18	107
15	18	108
16	18	86
17	18	74
18	18	68
19	18	104
20	18	114
21	18	62
22	18	35
23	18	121
24	18	58
25	18	57
26	18	95
27	18	79
28	18	140
29	18	138
30	18	39
1	19	24
2	19	19
3	19	80
4	19	159
5	19	94
6	19	101
7	19	181
8	19	178
9	19	174
10	19	127
11	19	66
12	19	168
13	19	24
14	19	138
15	19	138
16	19	116
17	19	104
18	19	79
19	19	87
20	19	145
21	19	87
22	19	23
23	19	152
24	19	42
25	19	87
26	19	119
27	19	110
28	19	170
29	19	157
30	19	56
1	20	154
2	20	136
3	20	83
4	20	79
5	20	57
6	20	186
7	20	165
8	20	57
9	20	60
10	20	29
11	20	166
12	20	105
13	20	110
14	20	15
15	20	6
16	20	77
17	20	79
18	20	141
19	20	204
20	20	64
21	20	50
22	20	139
23	20	85
24	20	161
25	20	80
26	20	34
27	20	50
28	20	107
29	20	164
30	20	83
1	21	129
2	21	157
3	21	92
4	21	120
5	21	177
6	21	65
7	21	60
8	21	169
9	21	159
10	21	140
11	21	87
12	21	103
13	21	129
14	21	158
15	21	167
16	21	92
17	21	89
18	21	58
19	21	114
20	21	121
21	21	159
22	21	115
23	21	106
24	21	112
25	21	92
26	21	183
27	21	117
28	21	104
29	21	29
30	21	155
1	22	65
2	22	82
3	22	35
4	22	110
5	22	107
6	22	69
7	22	116
8	22	143
9	22	136
10	22	97
11	22	51
12	22	111
13	22	52
14	22	113
15	22	118
16	22	65
17	22	53
18	22	26
19	22	91
20	22	100
21	22	91
22	22	48
23	22	99
24	22	58
25	22	40
26	22	120
27	22	73
28	22	113
29	22	94
30	22	80
1	23	145
2	23	149
3	23	55
4	23	26
5	23	113
6	23	138
7	23	86
8	23	70
9	23	60
10	23	50
11	23	132
12	23	34
13	23	114
14	23	66
15	23	75
16	23	19
17	23	32
18	23	97
19	23	172
20	23	22
21	23	96
22	23	127
23	23	16
24	23	141
25	23	48
26	23	106
27	23	37
28	23	36
29	23	88
30	23	114
1	24	106
2	24	96
3	24	36
4	24	80
5	24	52
6	24	137
7	24	141
8	24	89
9	24	86
10	24	38
11	24	116
12	24	98
13	24	64
14	24	50
15	24	52
16	24	50
17	24	43
18	24	93
19	24	154
20	24	63
21	24	34
22	24	91
23	24	77
24	24	111
25	24	36
26	24	55
27	24	27
28	24	100
29	24	132
30	24	51
1	25	46
2	25	22
3	25	73
4	25	149
5	25	72
6	25	117
7	25	182
8	25	162
9	25	159
10	25	111
11	25	83
12	25	160
13	25	15
14	25	120
15	25	119
16	25	108
17	25	96
18	25	88
19	25	109
20	25	134
21	25	66
22	25	41
23	25	143
24	25	62
25	25	80
26	25	97
27	25	97
28	25	163
29	25	161
30	25	34
1	26	136
2	26	159
3	26	85
4	26	101
5	26	169
6	26	82
7	26	45
8	26	152
9	26	141
10	26	126
11	26	98
12	26	83
13	26	129
14	26	144
15	26	153
16	26	77
17	26	77
18	26	64
19	26	129
20	26	104
21	26	151
22	26	121
23	26	88
24	26	121
25	26	82
26	26	173
27	26	104
28	26	84
29	26	16
30	26	151
1	27	82
2	27	64
3	27	49
4	27	112
5	27	42
6	27	131
7	27	163
8	27	121
9	27	118
10	27	70
11	27	103
12	27	128
13	27	37
14	27	78
15	27	77
16	27	77
17	27	68
18	27	92
19	27	137
20	27	96
21	27	29
22	27	69
23	27	109
24	27	91
25	27	54
26	27	61
27	27	60
28	27	131
29	27	148
30	27	19
1	28	45
2	28	52
3	28	46
4	28	126
5	28	87
6	28	87
7	28	147
8	28	150
9	28	145
10	28	99
11	28	57
12	28	133
13	28	21
14	28	113
15	28	115
16	28	82
17	28	69
18	28	52
19	28	92
20	28	113
21	28	74
22	28	28
23	28	117
24	28	48
25	28	53
26	28	106
27	28	80
28	28	135
29	28	125
30	28	54
1	29	68
2	29	43
3	29	66
4	29	134
5	29	49
6	29	131
7	29	179
8	29	142
9	29	140
10	29	92
11	29	99
12	29	149
13	29	26
14	29	99
15	29	97
16	29	98
17	29	87
18	29	96
19	29	129
20	29	118
21	29	43
22	29	59
23	29	130
24	29	82
25	29	72
26	29	74
27	29	82
28	29	151
29	29	162
30	29	12
1	30	91
2	30	120
3	30	68
4	30	120
5	30	149
6	30	43
7	30	90
8	30	164
9	30	155
10	30	126
11	30	52
12	30	111
13	30	94
14	30	144
15	30	150
16	30	82
17	30	74
18	30	20
19	30	86
20	30	116
21	30	132
22	30	78
23	30	107
24	30	75
25	30	70
26	30	159
27	30	101
28	30	113
29	30	61
30	30	123
1	31	70
2	31	31
3	31	104
4	31	174
5	31	72
6	31	149
7	31	216
8	31	179
9	31	178
10	31	129
11	31	114
12	31	189
13	31	50
14	31	134
15	31	131
16	31	137
17	31	126
18	31	123
19	31	133
20	31	158
21	31	74
22	31	71
23	31	170
24	31	90
25	31	110
26	31	100
27	31	121
28	31	191
29	31	196
30	31	43
1	32	140
2	32	145
3	32	50
4	32	33
5	32	114
6	32	130
7	32	82
8	32	78
9	32	67
10	32	54
11	32	126
12	32	36
13	32	110
14	32	71
15	32	80
16	32	15
17	32	27
18	32	89
19	32	165
20	32	29
21	32	97
22	32	122
23	32	21
24	32	135
25	32	44
26	32	109
27	32	38
28	32	39
29	32	82
30	32	112
1	33	94
2	33	75
3	33	51
4	33	106
5	33	34
6	33	141
7	33	163
8	33	110
9	33	109
10	33	60
11	33	114
12	33	124
13	33	49
14	33	67
15	33	66
16	33	75
17	33	66
18	33	99
19	33	148
20	33	89
21	33	18
22	33	81
23	33	103
24	33	103
25	33	55
26	33	50
27	33	53
28	33	126
29	33	151
30	33	25
1	34	36
2	34	16
3	34	78
4	34	156
5	34	83
6	34	110
7	34	183
8	34	171
9	34	168
10	34	120
11	34	76
12	34	166
13	34	19
14	34	130
15	34	129
16	34	114
17	34	101
18	34	85
19	34	99
20	34	141
21	34	77
22	34	32
23	34	149
24	34	53
25	34	85
26	34	109
27	34	105
28	34	168
29	34	161
30	34	46
1	35	177
2	35	198
3	35	111
4	35	93
5	35	191
6	35	126
7	35	2
8	35	144
9	35	133
10	35	134
11	35	142
12	35	67
13	35	165
14	35	150
15	35	160
16	35	90
17	35	95
18	35	107
19	35	174
20	35	102
21	35	173
22	35	162
23	35	82
24	35	164
25	35	107
26	35	188
27	35	117
28	35	66
29	35	30
30	35	181
1	36	94
2	36	119
3	36	59
4	36	109
5	36	142
6	36	54
7	36	85
8	36	153
9	36	144
10	36	115
11	36	59
12	36	101
13	36	91
14	36	133
15	36	140
16	36	71
17	36	63
18	36	22
19	36	95
20	36	105
21	36	124
22	36	79
23	36	96
24	36	80
25	36	60
26	36	151
27	36	91
28	36	102
29	36	58
30	36	118
1	37	178
2	37	200
3	37	117
4	37	104
5	37	199
6	37	121
7	37	9
8	37	155
9	37	144
10	37	144
11	37	140
12	37	78
13	37	169
14	37	160
15	37	170
16	37	98
17	37	103
18	37	107
19	37	170
20	37	113
21	37	181
22	37	163
23	37	92
24	37	164
25	37	113
26	37	197
27	37	126
28	37	78
29	37	26
30	37	186
1	38	96
2	38	65
3	38	82
4	38	137
5	38	25
6	38	158
7	38	195
8	38	134
9	38	134
10	38	87
11	38	127
12	38	156
13	38	54
14	38	90
15	38	85
16	38	107
17	38	98
18	38	121
19	38	157
20	38	120
21	38	29
22	38	87
23	38	135
24	38	110
25	38	86
26	38	53
27	38	85
28	38	158
29	38	181
30	38	16
1	39	147
2	39	172
3	39	97
4	39	108
5	39	182
6	39	87
7	39	38
8	39	160
9	39	148
10	39	137
11	39	107
12	39	88
13	39	142
14	39	154
15	39	163
16	39	88
17	39	88
18	39	75
19	39	136
20	39	112
21	39	164
22	39	132
23	39	95
24	39	131
25	39	95
26	39	185
27	39	115
28	39	88
29	39	7
30	39	164
1	40	68
2	40	62
3	40	34
4	40	108
5	40	65
6	40	108
7	40	146
8	40	127
9	40	122
10	40	75
11	40	82
12	40	120
13	40	28
14	40	88
15	40	90
16	40	68
17	40	56
18	40	68
19	40	118
20	40	94
21	40	50
22	40	52
23	40	102
24	40	74
25	40	40
26	40	81
27	40	58
28	40	122
29	40	129
30	40	38
1	41	75
2	41	35
3	41	111
4	41	180
5	41	76
6	41	155
7	41	223
8	41	184
9	41	184
10	41	135
11	41	120
12	41	196
13	41	57
14	41	140
15	41	136
16	41	144
17	41	133
18	41	129
19	41	137
20	41	164
21	41	80
22	41	77
23	41	176
24	41	95
25	41	117
26	41	103
27	41	128
28	41	198
29	41	203
30	41	49
1	42	102
2	42	117
3	42	33
4	42	78
5	42	117
6	42	86
7	42	83
8	42	120
9	42	111
10	42	82
11	42	81
12	42	75
13	42	83
14	42	100
15	42	108
16	42	37
17	42	30
18	42	44
19	42	120
20	42	72
21	42	99
22	42	85
23	42	66
24	42	94
25	42	31
26	42	123
27	42	58
28	42	77
29	42	66
30	42	100
1	43	84
2	43	110
3	43	57
4	43	115
5	43	137
6	43	49
7	43	95
8	43	157
9	43	148
10	43	116
11	43	49
12	43	108
13	43	83
14	43	134
15	43	140
16	43	74
17	43	65
18	43	12
19	43	86
20	43	109
21	43	121
22	43	69
23	43	102
24	43	69
25	43	60
26	43	148
27	43	92
28	43	110
29	43	68
30	43	111
1	44	141
2	44	118
3	44	87
4	44	104
5	44	30
6	44	186
7	44	184
8	44	85
9	44	89
10	44	51
11	44	161
12	44	129
13	44	96
14	44	43
15	44	35
16	44	92
17	44	90
18	44	143
19	44	197
20	44	88
21	44	31
22	44	129
23	44	108
24	44	151
25	44	86
26	44	6
27	44	65
28	44	131
29	44	179
30	44	64
1	45	178
2	45	189
3	45	95
4	45	47
5	45	161
6	45	148
7	45	50
8	45	97
9	45	85
10	45	96
11	45	154
12	45	19
13	45	154
14	45	109
15	45	119
16	45	62
17	45	72
18	45	116
19	45	191
20	45	59
21	45	144
22	45	161
23	45	39
24	45	170
25	45	88
26	45	153
27	45	85
28	45	19
29	45	67
30	45	160
1	46	60
2	46	51
3	46	44
4	46	120
5	46	65
6	46	109
7	46	155
8	46	136
9	46	132
10	46	85
11	46	80
12	46	131
13	46	17
14	46	96
15	46	97
16	46	79
17	46	67
18	46	72
19	46	113
20	46	105
21	46	52
22	46	46
23	46	113
24	46	68
25	46	51
26	46	85
27	46	69
28	46	133
29	46	137
30	46	33
1	47	145
2	47	166
3	47	85
4	47	90
5	47	168
6	47	95
7	47	33
8	47	142
9	47	130
10	47	120
11	47	109
12	47	70
13	47	135
14	47	137
15	47	146
16	47	72
17	47	73
18	47	74
19	47	142
20	47	94
21	47	150
22	47	129
23	47	77
24	47	131
25	47	82
26	47	169
27	47	99
28	47	71
29	47	15
30	47	153
1	48	166
2	48	166
3	48	75
4	48	5
5	48	118
6	48	161
7	48	97
8	48	50
9	48	39
10	48	48
11	48	156
12	48	31
13	48	132
14	48	59
15	48	69
16	48	40
17	48	53
18	48	120
19	48	195
20	48	11
21	48	103
22	48	148
23	48	14
24	48	163
25	48	68
26	48	105
27	48	47
28	48	33
29	48	105
30	48	126
1	49	161
2	49	165
3	49	71
4	49	16
5	49	126
6	49	149
7	49	81
8	49	67
9	49	55
10	49	59
11	49	146
12	49	19
13	49	130
14	49	72
15	49	83
16	49	35
17	49	48
18	49	109
19	49	185
20	49	23
21	49	110
22	49	143
23	49	2
24	49	156
25	49	64
26	49	117
27	49	51
28	49	21
29	49	89
30	49	129
1	50	105
2	50	116
3	50	27
4	50	71
5	50	110
6	50	94
7	50	86
8	50	111
9	50	102
10	50	73
11	50	87
12	50	70
13	50	82
14	50	91
15	50	98
16	50	29
17	50	21
18	50	52
19	50	127
20	50	64
21	50	92
22	50	87
23	50	59
24	50	98
25	50	23
26	50	114
27	50	49
28	50	72
29	50	72
30	50	96
1	51	86
2	51	51
3	51	93
4	51	155
5	51	45
6	51	157
7	51	207
8	51	155
9	51	155
10	51	107
11	51	124
12	51	172
13	51	52
14	51	110
15	51	106
16	51	122
17	51	112
18	51	125
19	51	149
20	51	138
21	51	50
22	51	82
23	51	152
24	51	103
25	51	98
26	51	73
27	51	102
28	51	175
29	51	191
30	51	24
1	52	64
2	52	103
3	52	104
4	52	172
5	52	166
6	52	22
7	52	145
8	52	211
9	52	202
10	52	165
11	52	20
12	52	166
13	52	93
14	52	182
15	52	186
16	52	130
17	52	119
18	52	49
19	52	29
20	52	165
21	52	152
22	52	62
23	52	160
24	52	44
25	52	108
26	52	184
27	52	141
28	52	168
29	52	114
30	52	131
1	53	18
2	53	57
3	53	90
4	53	168
5	53	130
6	53	65
7	53	167
8	53	197
9	53	191
10	53	147
11	53	29
12	53	170
13	53	56
14	53	162
15	53	164
16	53	124
17	53	111
18	53	59
19	53	47
20	53	157
21	53	120
22	53	22
23	53	158
24	53	1
25	53	96
26	53	152
27	53	126
28	53	172
29	53	139
30	53	93
1	54	121
2	54	128
3	54	33
4	54	52
5	54	107
6	54	113
7	54	85
8	54	93
9	54	83
10	54	59
11	54	106
12	54	54
13	54	93
14	54	77
15	54	85
16	54	11
17	54	12
18	54	71
19	54	146
20	54	45
21	54	89
22	54	103
23	54	41
24	54	115
25	54	27
26	54	107
27	54	36
28	54	56
29	54	78
30	54	99
1	55	157
2	55	169
3	55	76
4	55	48
5	55	148
6	55	128
7	55	48
8	55	100
9	55	89
10	55	88
11	55	132
12	55	28
13	55	134
14	55	103
15	55	113
16	55	46
17	55	55
18	55	94
19	55	170
20	55	56
21	55	130
22	55	140
23	55	36
24	55	148
25	55	70
26	55	143
27	55	72
28	55	29
29	55	56
30	55	143
1	56	161
2	56	159
3	56	70
4	56	14
5	56	109
6	56	161
7	56	104
8	56	46
9	56	36
10	56	39
11	56	153
12	56	40
13	56	125
14	56	50
15	56	60
16	56	38
17	56	49
18	56	119
19	56	193
20	56	3
21	56	95
22	56	144
23	56	20
24	56	159
25	56	64
26	56	96
27	56	39
28	56	41
29	56	110
30	56	118
1	57	98
2	57	127
3	57	76
4	57	124
5	57	157
6	57	41
7	57	87
8	57	170
9	57	160
10	57	133
11	57	56
12	57	113
13	57	102
14	57	151
15	57	157
16	57	88
17	57	81
18	57	28
19	57	87
20	57	121
21	57	140
22	57	85
23	57	111
24	57	81
25	57	77
26	57	168
27	57	108
28	57	115
29	57	57
30	57	131
1	58	149
2	58	125
3	58	92
4	58	104
5	58	37
6	58	192
7	58	186
8	58	81
9	58	85
10	58	51
11	58	168
12	58	129
13	58	104
14	58	41
15	58	32
16	58	95
17	58	94
18	58	149
19	58	204
20	58	88
21	58	39
22	58	136
23	58	108
24	58	159
25	58	91
26	58	10
27	58	67
28	58	131
29	58	182
30	58	71
1	59	74
2	59	86
3	59	21
4	59	97
5	59	97
6	59	82
7	59	113
8	59	129
9	59	122
10	59	83
11	59	65
12	59	100
13	59	53
14	59	99
15	59	104
16	59	52
17	59	40
18	59	38
19	59	105
20	59	86
21	59	80
22	59	57
23	59	87
24	59	70
25	59	26
26	59	108
27	59	59
28	59	102
29	59	94
30	59	74
1	60	59
2	60	26
3	60	84
4	60	155
5	60	64
6	60	133
7	60	195
8	60	163
9	60	162
10	60	113
11	60	99
12	60	169
13	60	29
14	60	120
15	60	118
16	60	117
17	60	105
18	60	104
19	60	123
20	60	139
21	60	62
22	60	56
23	60	150
24	60	77
25	60	90
26	60	91
27	60	102
28	60	171
29	60	175
30	60	29
1	61	93
2	61	100
3	61	9
4	61	77
5	61	93
6	61	97
7	61	105
8	61	110
9	61	102
10	61	66
11	61	84
12	61	82
13	61	65
14	61	83
15	61	89
16	61	33
17	61	20
18	61	53
19	61	124
20	61	67
21	61	75
22	61	75
23	61	68
24	61	89
25	61	9
26	61	100
27	61	41
28	61	85
29	61	90
30	61	77
1	62	168
2	62	149
3	62	97
4	62	85
5	62	66
6	62	201
7	62	175
8	62	53
9	62	59
10	62	41
11	62	181
12	62	112
13	62	124
14	62	23
15	62	14
16	62	89
17	62	92
18	62	156
19	62	219
20	62	72
21	62	62
22	62	154
23	62	93
24	62	175
25	62	95
26	62	39
27	62	64
28	62	114
29	62	176
30	62	96
1	63	80
2	63	46
3	63	87
4	63	151
5	63	46
6	63	151
7	63	201
8	63	153
9	63	152
10	63	104
11	63	118
12	63	168
13	63	45
14	63	108
15	63	105
16	63	117
17	63	107
18	63	118
19	63	143
20	63	134
21	63	48
22	63	75
23	63	148
24	63	97
25	63	92
26	63	74
27	63	98
28	63	170
29	63	184
30	63	19
1	64	209
2	64	195
3	64	125
4	64	74
5	64	117
6	64	225
7	64	168
8	64	22
9	64	33
10	64	65
11	64	212
12	64	99
13	64	166
14	64	52
15	64	54
16	64	102
17	64	111
18	64	181
19	64	252
20	64	70
21	64	111
22	64	192
23	64	86
24	64	212
25	64	120
26	64	91
27	64	87
28	64	100
29	64	178
30	64	143
1	65	103
2	65	65
3	65	112
4	65	169
5	65	49
6	65	177
7	65	225
8	65	163
9	65	164
10	65	118
11	65	143
12	65	188
13	65	71
14	65	119
15	65	113
16	65	139
17	65	129
18	65	144
19	65	166
20	65	152
21	65	60
22	65	100
23	65	167
24	65	121
25	65	116
26	65	75
27	65	117
28	65	190
29	65	210
30	65	42
1	66	76
2	66	108
3	66	77
4	66	139
5	66	151
6	66	25
7	66	111
8	66	180
9	66	171
10	66	138
11	66	32
12	66	131
13	66	88
14	66	155
15	66	161
16	66	98
17	66	88
18	66	19
19	66	64
20	66	133
21	66	136
22	66	65
23	66	126
24	66	58
25	66	81
26	66	165
27	66	113
28	66	133
29	66	82
30	66	121
1	67	43
2	67	45
3	67	51
4	67	130
5	67	83
6	67	93
7	67	154
8	67	151
9	67	147
10	67	100
11	67	62
12	67	138
13	67	14
14	67	113
15	67	115
16	67	87
17	67	74
18	67	60
19	67	95
20	67	116
21	67	71
22	67	27
23	67	122
24	67	49
25	67	57
26	67	103
27	67	82
28	67	140
29	67	132
30	67	48
1	68	137
2	68	149
3	68	56
4	68	52
5	68	132
6	68	114
7	68	60
8	68	101
9	68	90
10	68	78
11	68	115
12	68	41
13	68	114
14	68	95
15	68	104
16	68	31
17	68	37
18	68	77
19	68	153
20	68	53
21	68	114
22	68	120
23	68	38
24	68	129
25	68	50
26	68	130
27	68	59
28	68	43
29	68	57
30	68	124
1	69	168
2	69	170
3	69	77
4	69	4
5	69	125
6	69	159
7	69	90
8	69	56
9	69	45
10	69	55
11	69	155
12	69	23
13	69	135
14	69	67
15	69	77
16	69	42
17	69	54
18	69	119
19	69	195
20	69	18
21	69	110
22	69	150
23	69	8
24	69	164
25	69	70
26	69	113
27	69	52
28	69	25
29	69	99
30	69	131
1	70	94
2	70	78
3	70	45
4	70	100
5	70	39
6	70	137
7	70	157
8	70	106
9	70	104
10	70	55
11	70	111
12	70	117
13	70	50
14	70	64
15	70	64
16	70	68
17	70	59
18	70	95
19	70	147
20	70	84
21	70	22
22	70	80
23	70	97
24	70	102
25	70	48
26	70	52
27	70	47
28	70	119
29	70	144
30	70	31
1	71	114
2	71	134
3	71	57
4	71	88
5	71	141
6	71	78
7	71	64
8	71	135
9	71	124
10	71	103
11	71	83
12	71	76
13	71	103
14	71	121
15	71	129
16	71	55
17	71	51
18	71	45
19	71	120
20	71	86
21	71	123
22	71	98
23	71	74
24	71	102
25	71	55
26	71	146
27	71	79
28	71	78
29	71	43
30	71	123
1	72	150
2	72	155
3	72	61
4	72	25
5	72	122
6	72	138
7	72	78
8	72	74
9	72	63
10	72	58
11	72	135
12	72	26
13	72	121
14	72	74
15	72	84
16	72	25
17	72	38
18	72	98
19	72	174
20	72	27
21	72	105
22	72	132
23	72	12
24	72	145
25	72	54
26	72	115
27	72	46
28	72	28
29	72	82
30	72	122
1	73	160
2	73	145
3	73	83
4	73	68
5	73	69
6	73	186
7	73	157
8	73	44
9	73	47
10	73	23
11	73	168
12	73	95
13	73	116
14	73	5
15	73	6
16	73	71
17	73	75
18	73	141
19	73	207
20	73	54
21	73	61
22	73	144
23	73	74
24	73	165
25	73	79
26	73	47
27	73	47
28	73	96
29	73	158
30	73	93
1	74	133
2	74	158
3	74	88
4	74	110
5	74	173
6	74	74
7	74	51
8	74	160
9	74	149
10	74	133
11	74	93
12	74	92
13	74	129
14	74	150
15	74	159
16	74	84
17	74	82
18	74	61
19	74	123
20	74	111
21	74	155
22	74	118
23	74	96
24	74	117
25	74	86
26	74	178
27	74	110
28	74	93
29	74	20
30	74	153
1	75	116
2	75	127
3	75	34
4	75	60
5	75	114
6	75	103
7	75	80
8	75	103
9	75	93
10	75	69
11	75	99
12	75	58
13	75	92
14	75	87
15	75	95
16	75	21
17	75	19
18	75	62
19	75	138
20	75	54
21	75	96
22	75	99
23	75	48
24	75	110
25	75	29
26	75	115
27	75	46
28	75	60
29	75	69
30	75	103
;		

param c:=		
1	1	26.54348541
2	1	74.18761082
3	1	137.9572285
4	1	224.4516435
5	1	177.3400145
6	1	94.88895167
7	1	230.6333043
8	1	244.5853497
9	1	266.7820346
10	1	191.7485476
11	1	51.23406606
12	1	234.8191355
13	1	81.40667074
14	1	210.1894944
15	1	203.8231115
16	1	171.745677
17	1	146.0426573
18	1	98.97037801
19	1	60.06806582
20	1	211.4065571
21	1	167.2866987
22	1	45.26671686
23	1	238.3646648
24	1	26.13968918
25	1	145.7090062
26	1	208.6626852
27	1	186.5202655
28	1	248.9319658
29	1	192.8171729
30	1	132.5717496
1	2	271.291817
2	2	159.0686217
3	2	244.6025257
4	2	372.2897758
5	2	118.781351
6	2	421.2302643
7	2	555.8120793
8	2	414.566328
9	2	418.7208177
10	2	249.465119
11	2	363.3282693
12	2	470.2523171
13	2	176.2776272
14	2	298.2095714
15	2	247.2003947
16	2	302.1546205
17	2	306.3009488
18	2	345.6893825
19	2	366.2508118
20	2	354.4144067
21	2	143.1909797
22	2	240.4367726
23	2	408.6609577
24	2	269.1485297
25	2	272.2643839
26	2	186.1581857
27	2	268.3160292
28	2	482.3053536
29	2	489.3127195
30	2	92.19601645
1	3	167.508448
2	3	179.6782235
3	3	89.86174018
4	3	54.57636091
5	3	148.5541187
6	3	115.0892845
7	3	36.20183049
8	3	100.3046248
9	3	88.0789386
10	3	99.78513074
11	3	125.0382782
12	3	31.74419895
13	3	140.7431383
14	3	97.0874237
15	3	120.0868681
16	3	63.45248195
17	3	67.94516353
18	3	98.69228367
19	3	156.0029176
20	3	57.43798659
21	3	144.7531176
22	3	140.3929521
23	3	43.34783815
24	3	151.430644
25	3	88.02547136
26	3	139.6100634
27	3	82.25860013
28	3	27.88055583
29	3	51.0705831
30	3	145.440877
1	4	174.9724336
2	4	251.9072131
3	4	142.2632047
4	4	265.1429116
5	4	314.7613948
6	4	122.3942593
7	4	224.3400944
8	4	399.4899692
9	4	318.7426864
10	4	262.1453408
11	4	113.0118087
12	4	281.0961124
13	4	171.0005755
14	4	337.3804122
15	4	340.0833341
16	4	193.3038635
17	4	170.4081412
18	4	18.53575973
19	4	186.9987933
20	4	274.6431141
21	4	284.7203152
22	4	163.3394871
23	4	232.7500166
24	4	158.6540214
25	4	155.57992
26	4	346.9347398
27	4	214.6556603
28	4	248.549801
29	4	189.6589312
30	4	261.9406943
1	5	22.06724593
2	5	34.84517035
3	5	56.97886888
4	5	129.9029723
5	5	79.94822509
6	5	69.93080774
7	5	119.6129798
8	5	144.3162479
9	5	151.2904603
10	5	96.34146018
11	5	37.63068801
12	5	119.2890643
13	5	26.10846511
14	5	102.861131
15	5	106.7377537
16	5	95.86870498
17	5	74.22221285
18	5	47.7016562
19	5	62.33821622
20	5	122.4187415
21	5	81.21262494
22	5	6.784197708
23	5	109.6691175
24	5	23.5010585
25	5	61.38568548
26	5	102.1103136
27	5	93.1565973
28	5	124.9544628
29	5	105.7428828
30	5	54.5735764
1	6	211.2648437
2	6	249.4851918
3	6	150.6821039
4	6	106.169637
5	6	210.7174263
6	6	177.5621203
7	6	21.96850234
8	6	172.4130134
9	6	139.1719568
10	6	152.8855642
11	6	194.9955086
12	6	65.78270726
13	6	198.6148013
14	6	178.2603575
15	6	177.0228577
16	6	117.0240111
17	6	109.8759378
18	6	152.2851459
19	6	215.5811667
20	6	124.614237
21	6	218.4654974
22	6	198.3595206
23	6	96.97564718
24	6	208.3949473
25	6	128.070046
26	6	218.7896002
27	6	144.4104713
28	6	69.38136999
29	6	59.15181767
30	6	197.0294841
1	7	184.2006243
2	7	170.7525234
3	7	46.60863208
4	7	148.0578503
5	7	125.07285
6	7	211.3472313
7	7	250.7389804
8	7	191.0066537
9	7	182.9483706
10	7	100.1258548
11	7	181.3950885
12	7	169.2500018
13	7	97.47839484
14	7	121.9038281
15	7	138.5832234
16	7	96.34665102
17	7	70.68595347
18	7	135.2032133
19	7	242.4159847
20	7	127.7941808
21	7	79.2358427
22	7	143.1649485
23	7	141.1102677
24	7	190.5645182
25	7	50.07675894
26	7	134.7468853
27	7	62.09763586
28	7	176.2684901
29	7	244.5439194
30	7	101.6373283
1	8	284.373232
2	8	220.9760701
3	8	226.6584402
4	8	311.8716306
5	8	36.44975666
6	8	401.1662655
7	8	425.5333608
8	8	294.4861371
9	8	277.8688212
10	8	202.0922449
11	8	377.3806766
12	8	336.8642045
13	8	181.5869617
14	8	165.8970486
15	8	180.3534833
16	8	243.410371
17	8	266.0042798
18	8	350.6540318
19	8	463.6604617
20	8	262.7009211
21	8	78.95805176
22	8	245.847444
23	8	298.8908121
24	8	333.3966871
25	8	212.8369509
26	8	78.98386134
27	8	225.1221439
28	8	372.6776855
29	8	459.5483448
30	8	119.5582332
1	9	222.646233
2	9	304.9428931
3	9	190.5661695
4	9	282.9872973
5	9	379.7120188
6	9	75.69311775
7	9	226.4909052
8	9	432.0860747
9	9	356.7692709
10	9	344.1079195
11	9	119.6085094
12	9	269.459394
13	9	249.7746161
14	9	383.7884419
15	9	394.4959946
16	9	224.9720347
17	9	193.9619172
18	9	84.4327906
19	9	176.1824336
20	9	316.9880613
21	9	333.127548
22	9	190.1908671
23	9	294.9006227
24	9	182.9757099
25	9	189.2725438
26	9	425.2921044
27	9	287.151653
28	9	267.2246003
29	9	147.7836799
30	9	306.6725754
1	10	89.42765108
2	10	76.50419942
3	10	49.34910672
4	10	46.24191513
5	10	29.21105042
6	10	115.8582156
7	10	92.27779691
8	10	39.83649462
9	10	37.70389073
10	10	23.16918739
11	10	89.63470732
12	10	67.12705264
13	10	58.10574321
14	10	15.78038841
15	10	11.37846808
16	10	53.77468752
17	10	45.62908207
18	10	75.5319567
19	10	111.4468346
20	10	46.23778177
21	10	31.02893717
22	10	74.88300451
23	10	59.83865883
24	10	85.97907874
25	10	52.4931259
26	10	16.28724772
27	10	32.45367479
28	10	64.19711647
29	10	106.12173
30	10	43.87329956
1	11	162.6395788
2	11	150.2701762
3	11	45.40576733
4	11	90.56762667
5	11	100.0291999
6	11	191.3943483
7	11	196.9683858
8	11	121.4469695
9	11	112.1164958
10	11	54.39533704
11	11	159.5449982
12	11	118.6207932
13	11	117.1787241
14	11	70.79878215
15	11	92.51293532
16	11	54.01140604
17	11	49.21191855
18	11	130.9719433
19	11	209.2028898
20	11	81.92629797
21	11	86.29368522
22	11	145.545687
23	11	98.92048802
24	11	166.3457086
25	11	43.21125999
26	11	110.6404668
27	11	21.30492946
28	11	137.1404244
29	11	181.9030652
30	11	105.0316856
1	12	77.37364682
2	12	70.40785952
3	12	20.46247848
4	12	49.82579811
5	12	68.1027766
6	12	62.27620015
7	12	55.77068628
8	12	75.22125639
9	12	69.56304693
10	12	48.20395066
11	12	59.49204964
12	12	47.96829956
13	12	55.87163104
14	12	60.56561457
15	12	66.02208521
16	12	22.66791389
17	12	17.64609701
18	12	39.58226862
19	12	80.52666311
20	12	41.21402529
21	12	61.16085931
22	12	56.68115951
23	12	41.74597118
24	12	61.50694528
25	12	18.45384575
26	12	73.7717876
27	12	33.98757152
28	12	48.57655601
29	12	53.98651701
30	12	70.40798402
1	13	62.30373359
2	13	79.49302267
3	13	45.23741723
4	13	108.3526557
5	13	113.5366966
6	13	65.47128537
7	13	109.0779632
8	13	146.2505404
9	13	133.2924341
10	13	114.116047
11	13	53.57171682
12	13	114.5666799
13	13	52.20525137
14	13	111.394707
15	13	134.5441957
16	13	77.63396497
17	13	57.21138527
18	13	27.26755334
19	13	86.06565403
20	13	114.8420165
21	13	94.37015753
22	13	54.32412014
23	13	103.8676258
24	13	58.29590208
25	13	46.49383483
26	13	136.3485639
27	13	82.33552292
28	13	122.5019359
29	13	89.3482449
30	13	83.97131828
1	14	263.8177674
2	14	243.1234827
3	14	146.4592712
4	14	119.8382239
5	14	133.7272161
6	14	348.64856
7	14	296.4382381
8	14	73.12230075
9	14	84.26472453
10	14	51.01078221
11	14	310.3449136
12	14	158.1708578
13	14	217.5407531
14	14	24.85258847
15	14	23.94847801
16	14	123.1724292
17	14	139.7244427
18	14	267.6249954
19	14	327.5403488
20	14	109.9735956
21	14	125.0448773
22	14	243.4948262
23	14	131.656707
24	14	271.6403916
25	14	159.9500184
26	14	98.9566276
27	14	104.9487054
28	14	163.8101872
29	14	267.9151188
30	14	177.222261
1	15	115.1258028
2	15	133.5173015
3	15	60.69544987
4	15	113.1838145
5	15	163.7170563
6	15	97.72522538
7	15	110.7070021
8	15	188.0751572
9	15	175.2257836
10	15	118.517413
11	15	82.27490458
12	15	117.9729492
13	15	108.4175815
14	15	144.7456065
15	15	156.8108715
16	15	79.68294592
17	15	64.27047348
18	15	36.11955172
19	15	127.3407391
20	15	128.598822
21	15	146.1255618
22	15	98.54032125
23	15	115.1836448
24	15	102.984648
25	15	57.37330165
26	15	174.8316466
27	15	105.4799761
28	15	127.6652216
29	15	96.68645669
30	15	132.6425037
1	16	78.50709621
2	16	45.10949545
3	16	59.97335915
4	16	106.2594294
5	16	32.83268443
6	16	120.4246733
7	16	153.3863471
8	16	124.4251482
9	16	109.3287033
10	16	69.47896466
11	16	91.50208536
12	16	126.9554917
13	16	39.42021572
14	16	76.20373649
15	16	80.99215663
16	16	94.25039129
17	16	79.07182478
18	16	100.3948256
19	16	130.4761368
20	16	100.3854172
21	16	32.81710216
22	16	70.54556204
23	16	111.1758707
24	16	79.95541797
25	16	71.82760674
26	16	52.21334379
27	16	67.76507863
28	16	143.8199424
29	16	153.5504341
30	16	11.40503343
1	17	185.9625814
2	17	118.9303146
3	17	136.9687574
4	17	237.0653392
5	17	81.48455765
6	17	273.0227439
7	17	350.9139326
8	17	242.8493695
9	17	266.8015357
10	17	171.0785482
11	17	229.0806207
12	17	304.8609951
13	17	88.59110786
14	17	161.0545198
15	17	168.054769
16	17	182.2319296
17	17	152.3980687
18	17	228.8252423
19	17	262.007463
20	17	228.7965193
21	17	56.5891148
22	17	143.8119634
23	17	239.7471252
24	17	183.5908492
25	17	138.5268289
26	17	127.0449641
27	17	150.4825267
28	17	309.5770101
29	17	337.3681923
30	17	22.59696067
1	18	96.22581159
2	18	80.86380192
3	18	95.49098489
4	18	222.8511874
5	18	148.4477239
6	18	178.7135975
7	18	264.2093799
8	18	263.7552636
9	18	250.0757261
10	18	167.005523
11	18	120.0534806
12	18	229.6032496
13	18	23.00633342
14	18	205.3244641
15	18	200.5178096
16	18	144.7335753
17	18	136.6143617
18	18	136.3380876
19	18	183.0916565
20	18	194.8117613
21	18	106.1027235
22	18	73.74808588
23	18	204.1725122
24	18	115.5306623
25	18	111.0542865
26	18	168.5952456
27	18	136.8624949
28	18	231.3409771
29	18	233.034651
30	18	79.28280493
1	19	62.4605921
2	19	50.34670757
3	19	164.7689678
4	19	344.4072715
5	19	206.7769156
6	19	197.5580269
7	19	355.7486751
8	19	384.2431248
9	19	400.5307764
10	19	280.5911979
11	19	142.4469824
12	19	357.7324083
13	19	59.63550433
14	19	289.7932293
15	19	275.3109109
16	19	246.6993321
17	19	203.2224459
18	19	155.3926304
19	19	170.3238782
20	19	310.4970362
21	19	202.1873199
22	19	62.86161948
23	19	289.9346128
24	19	100.2224521
25	19	187.1520249
26	19	237.3448711
27	19	250.7576187
28	19	368.3279491
29	19	330.8479979
30	19	119.6701841
1	20	218.7692442
2	20	209.1802674
3	20	133.4109571
4	20	126.3959312
5	20	88.88262299
6	20	259.0838801
7	20	224.1776912
8	20	79.77060686
9	20	82.99462868
10	20	45.36796534
11	20	246.5805842
12	20	158.4491085
13	20	157.9200104
14	20	26.71307241
15	20	15.63328506
16	20	108.0915063
17	20	105.9129775
18	20	213.4118596
19	20	312.7193137
20	20	92.81171104
21	20	78.87837402
22	20	193.6772357
23	20	118.1124222
24	20	212.9422579
25	20	117.2372484
26	20	59.5535881
27	20	81.98248834
28	20	152.5840217
29	20	223.0549948
30	20	111.4719591
1	21	298.3204946
2	21	343.1163865
3	21	200.0244225
4	21	258.1768623
5	21	401.0191441
6	21	137.0796585
7	21	121.9316891
8	21	390.1418087
9	21	350.5577587
10	21	312.126094
11	21	174.5317771
12	21	204.6696287
13	21	267.8867392
14	21	344.1159359
15	21	324.4928442
16	21	184.0600793
17	21	202.2366431
18	21	131.0738511
19	21	261.7761055
20	21	264.3900997
21	21	334.0967431
22	21	228.8890725
23	21	234.7310131
24	21	231.8452582
25	21	218.0338494
26	21	367.4430776
27	21	238.1755107
28	21	245.1338042
29	21	74.29456496
30	21	331.0704028
1	22	83.26150144
2	22	119.0233508
3	22	50.42084211
4	22	156.2609189
5	22	139.9328114
6	22	104.5543889
7	22	146.8133061
8	22	207.7597773
9	22	167.07837
10	22	133.9587879
11	22	74.8827347
12	22	159.3779662
13	22	77.58173234
14	22	164.6296742
15	22	150.7772038
16	22	89.69771085
17	22	80.94007308
18	22	36.36336697
19	22	136.4959301
20	22	133.084599
21	22	130.2891927
22	22	62.66681149
23	22	145.3466215
24	22	87.4093317
25	22	54.43260191
26	22	154.6237054
27	22	96.80686965
28	22	141.6251781
29	22	134.5841989
30	22	114.8192928
1	23	354.7017491
2	23	335.4755328
3	23	137.7144892
4	23	64.11609489
5	23	272.3633373
6	23	325.1603665
7	23	206.0122316
8	23	149.6760113
9	23	141.1657396
10	23	119.9176923
11	23	276.3410757
12	23	78.80192032
13	23	244.2854824
14	23	147.8178062
15	23	180.2978107
16	23	46.76296265
17	23	85.69423767
18	23	236.4122496
19	23	349.5499943
20	23	60.3097254
21	23	196.7158673
22	23	268.1373315
23	23	43.08135584
24	23	297.4986646
25	23	115.3631619
26	23	247.2776427
27	23	84.82701871
28	23	87.10835461
29	23	189.1335681
30	23	244.9041535
1	24	183.6189872
2	24	150.7346846
3	24	66.34550211
4	24	119.8391353
5	24	84.80873219
6	24	206.0748664
7	24	228.160463
8	24	138.5119859
9	24	132.12077
10	24	69.09300572
11	24	185.5683792
12	24	165.6804412
13	24	106.8770736
14	24	93.31328638
15	24	92.76909068
16	24	87.78553344
17	24	72.63611008
18	24	140.4254299
19	24	251.7013968
20	24	113.8453047
21	24	61.64399862
22	24	150.1150236
23	24	117.6260184
24	24	170.1947959
25	24	60.52135152
26	24	96.05157724
27	24	51.94736114
28	24	154.6498033
29	24	225.9595051
30	24	92.73663312
1	25	27.66831868
2	25	14.1808921
3	25	42.53863575
4	25	85.59708273
5	25	43.06616155
6	25	71.45423147
7	25	111.8496856
8	25	93.50278848
9	25	97.15948943
10	25	64.06444222
11	25	47.59019377
12	25	85.41337605
13	25	10.44332274
14	25	70.01449876
15	25	66.7816121
16	25	64.71142743
17	25	51.97316984
18	25	51.25020006
19	25	67.01368752
20	25	83.70479275
21	25	37.75746197
22	25	26.43028042
23	25	87.34953741
24	25	39.31082978
25	25	45.01231632
26	25	57.71318764
27	25	57.50380093
28	25	95.26196989
29	25	95.02683282
30	25	23.07317486
1	26	127.2125953
2	26	153.9711833
3	26	85.50664575
4	26	91.92705165
5	26	146.464126
6	26	76.15794943
7	26	42.83951293
8	26	155.3651182
9	26	122.5712213
10	26	115.9830513
11	26	101.6436909
12	26	73.36905654
13	26	130.9447437
14	26	124.2954158
15	26	131.6233247
16	26	70.00192373
17	26	68.31727751
18	26	56.30030936
19	26	120.169673
20	26	90.54500112
21	26	153.9948136
22	26	118.0391829
23	26	82.30336121
24	26	118.3459274
25	26	84.4023933
26	26	171.5182824
27	26	90.73531045
28	26	78.14501914
29	26	18.03571756
30	26	143.0555088
1	27	156.2786926
2	27	137.5810152
3	27	97.9798998
4	27	245.0561593
5	27	91.61802015
6	27	266.8217071
7	27	340.3882181
8	27	231.4011212
9	27	245.1826024
10	27	151.5514438
11	27	223.2786354
12	27	265.0526903
13	27	82.25197777
14	27	161.7120675
15	27	171.4046142
16	27	150.1240783
17	27	147.8664217
18	27	192.6917152
19	27	274.3298203
20	27	188.8779084
21	27	71.63181027
22	27	141.1921915
23	27	218.0328469
24	27	194.3683127
25	27	112.7960903
26	27	140.706739
27	27	115.8151918
28	27	243.6327479
29	27	289.5477665
30	27	43.5924519
1	28	92.66007499
2	28	109.6520983
3	28	88.91162982
4	28	247.5674372
5	28	184.7714003
6	28	157.0981411
7	28	273.8548503
8	28	270.0639839
9	28	255.9412291
10	28	190.9252816
11	28	125.7644366
12	28	247.4304129
13	28	48.25471863
14	28	235.0299503
15	28	202.844795
16	28	163.9283248
17	28	135.1350649
18	28	115.118387
19	28	163.9821507
20	28	235.2248811
21	28	138.4068488
22	28	65.60017862
23	28	235.0320947
24	28	104.5419676
25	28	114.5017594
26	28	219.2901916
27	28	144.5570847
28	28	245.0414403
29	28	237.9939017
30	28	115.0984017
1	29	49.22786772
2	29	33.04578004
3	29	50.07229698
4	29	88.53555089
5	29	34.3263376
6	29	93.51289314
7	29	127.8402039
8	29	95.44560683
9	29	85.25254033
10	29	58.05295678
11	29	73.87946344
12	29	106.4114971
13	29	18.74997416
14	29	74.28183883
15	29	68.53214157
16	29	71.31579917
17	29	63.81129353
18	29	64.49176079
19	29	79.62780723
20	29	86.32085012
21	29	33.7773778
22	29	41.50184552
23	29	86.71222458
24	29	55.65103493
25	29	50.65594013
26	29	48.99077698
27	29	60.74842756
28	29	94.43208885
29	29	99.49127543
30	29	11.50138696
1	30	80.83705302
2	30	109.676003
3	30	69.63021709
4	30	111.4015834
5	30	150.7590617
6	30	42.52098685
7	30	87.440571
8	30	143.5466037
9	30	136.5097312
10	30	110.0022889
11	30	47.47672701
12	30	110.9365411
13	30	90.34116425
14	30	141.5692176
15	30	150.0401879
16	30	74.83109955
17	30	77.46748295
18	30	21.80636444
19	30	77.1082875
20	30	118.4409859
21	30	111.8548473
22	30	73.3454805
23	30	110.8629902
24	30	65.73471434
25	30	67.45250096
26	30	155.4518552
27	30	98.45321593
28	30	112.6619729
29	30	60.61735277
30	30	115.5368288
1	31	37.6447483
2	31	18.69466372
3	31	54.83403081
4	31	102.4197546
5	31	45.9712206
6	31	88.91486482
7	31	125.4682447
8	31	111.1422256
9	31	94.08426714
10	31	69.36751861
11	31	62.15403645
12	31	102.2044908
13	31	31.92100793
14	31	72.79654742
15	31	69.72491425
16	31	72.62720694
17	31	66.46263816
18	31	75.31050764
19	31	72.9882853
20	31	85.8986227
21	31	44.62165884
22	31	42.05207054
23	31	105.4851209
24	31	53.09523776
25	31	66.96658151
26	31	53.14807314
27	31	74.72531703
28	31	102.8809498
29	31	104.0941228
30	31	26.15737497
1	32	321.4558422
2	32	358.0804031
3	32	141.4384524
4	32	96.30602516
5	32	305.6630568
6	32	332.8620778
7	32	219.1850677
8	32	214.5660567
9	32	169.4392495
10	32	154.5368424
11	32	304.5491064
12	32	98.21968692
13	32	280.1126374
14	32	195.3128601
15	32	219.303625
16	32	51.82570914
17	32	83.1258094
18	32	246.9837054
19	32	430.1342043
20	32	87.55290484
21	32	256.0517426
22	32	339.3125139
23	32	60.63101109
24	32	351.4371855
25	32	114.6201894
26	32	254.9587021
27	32	107.2710216
28	32	109.3804628
29	32	216.7602784
30	32	313.1151356
1	33	145.1430723
2	33	124.8944386
3	33	89.72669182
4	33	181.7669092
5	33	65.19493736
6	33	229.6545552
7	33	274.3301212
8	33	171.2750446
9	33	161.2137154
10	33	97.27729329
11	33	188.7534538
12	33	207.629617
13	33	81.70855456
14	33	104.6194073
15	33	99.66845226
16	33	119.1219236
17	33	101.7703625
18	33	175.4781955
19	33	216.3637574
20	33	159.7263817
21	33	33.79998885
22	33	120.45767
23	33	157.193166
24	33	181.2637112
25	33	95.88617384
26	33	93.01526939
27	33	94.35038474
28	33	212.941232
29	33	256.900922
30	33	43.23373491
1	34	59.86348791
2	34	28.19374709
3	34	126.6043897
4	34	248.555996
5	34	136.4521124
6	34	157.0928199
7	34	293.100713
8	34	255.6776569
9	34	252.6031142
10	34	185.5106291
11	34	108.1621035
12	34	243.7053766
13	34	37.2727791
14	34	180.7414109
15	34	201.9359098
16	34	186.4448413
17	34	143.6950644
18	34	124.635541
19	34	140.5882438
20	34	227.8711868
21	34	126.7247231
22	34	56.43702122
23	34	234.564089
24	34	79.49192791
25	34	123.5651934
26	34	177.9171576
27	34	149.9083108
28	34	248.1581369
29	34	228.3872285
30	34	72.3986323
1	35	279.2540464
2	35	310.3987667
3	35	199.1913856
4	35	149.6589173
5	35	295.038802
6	35	197.0390192
7	35	10.1451421
8	35	224.5584448
9	35	212.0433435
10	35	232.446646
11	35	247.6642572
12	35	104.6064772
13	35	258.7511528
14	35	260.1477085
15	35	251.2525541
16	35	147.7278053
17	35	156.9886269
18	35	187.8838331
19	35	310.3583049
20	35	158.5747481
21	35	266.4834085
22	35	288.9455679
23	35	150.9749742
24	35	266.1801711
25	35	188.7034855
26	35	308.253868
27	35	176.4179904
28	35	110.9831753
29	35	50.86778717
30	35	292.8533552
1	36	138.2663333
2	36	166.7979809
3	36	88.03352788
4	36	143.0324078
5	36	184.9073705
6	36	87.16063421
7	36	117.1577561
8	36	196.2390552
9	36	186.2754941
10	36	175.1047368
11	36	88.10629308
12	36	149.4413463
13	36	123.6047631
14	36	169.4682047
15	36	178.5272697
16	36	95.66417906
17	36	87.18889255
18	36	35.61859058
19	36	139.5270168
20	36	147.532758
21	36	173.2092518
22	36	119.9393009
23	36	124.6869744
24	36	111.9120601
25	36	79.94584565
26	36	228.9538138
27	36	122.4121247
28	36	140.5916792
29	36	77.50303497
30	36	165.7185996
1	37	247.1646904
2	37	282.7347181
3	37	171.4516869
4	37	133.843177
5	37	256.2976705
6	37	157.271156
7	37	19.38353305
8	37	222.1461252
9	37	188.9022225
10	37	202.9751919
11	37	179.7096816
12	37	105.0729515
13	37	235.9421413
14	37	212.1116495
15	37	242.3854344
16	37	136.9031729
17	37	132.571217
18	37	136.3409437
19	37	250.287475
20	37	155.9211596
21	37	251.0334138
22	37	243.2555978
23	37	119.8729093
24	37	208.7207915
25	37	158.4748434
26	37	271.0678074
27	37	161.3303682
28	37	105.7281054
29	37	43.76388275
30	37	259.5313757
1	38	106.9169381
2	38	84.01585058
3	38	89.46763918
4	38	147.07979
5	38	34.8595255
6	38	168.9643632
7	38	235.2115573
8	38	162.4782197
9	38	153.9484269
10	38	91.68868466
11	38	140.1059061
12	38	183.8785312
13	38	59.42990381
14	38	98.04016458
15	38	102.6657136
16	38	112.6712186
17	38	121.5099462
18	38	136.303351
19	38	194.7173402
20	38	130.5400689
21	38	40.25013638
22	38	99.59829821
23	38	150.6699569
24	38	132.4506386
25	38	100.8511231
26	38	59.97577234
27	38	106.592481
28	38	186.9048155
29	38	214.8764739
30	38	23.5004589
1	39	149.7546676
2	39	191.9890122
3	39	97.95032347
4	39	120.3675352
5	39	186.9367734
6	39	92.05882205
7	39	44.86550462
8	39	168.1428614
9	39	148.4644099
10	39	143.1709619
11	39	110.486202
12	39	86.65301289
13	39	158.6540845
14	39	171.2001144
15	39	156.6773066
16	39	93.25266523
17	39	87.91455161
18	39	80.79103686
19	39	147.7113141
20	39	116.4851205
21	39	178.9107998
22	39	139.4606511
23	39	97.95523074
24	39	127.1862178
25	39	106.5094964
26	39	178.5071427
27	39	116.17813
28	39	98.04966738
29	39	10.80657308
30	39	154.3470659
1	40	77.94688135
2	40	75.92212159
3	40	44.86480042
4	40	132.9120803
5	40	76.14363445
6	40	127.1510681
7	40	181.1871685
8	40	145.7916443
9	40	133.9500602
10	40	92.9097878
11	40	107.3380669
12	40	151.4413277
13	40	39.23598663
14	40	113.3098985
15	40	119.8618372
16	40	91.61843816
17	40	68.53189379
18	40	84.22733642
19	40	149.3996867
20	40	110.487042
21	40	64.0895748
22	40	71.98546304
23	40	128.3777409
24	40	91.21122415
25	40	48.7948155
26	40	90.58235965
27	40	70.77396139
28	40	157.878307
29	40	168.8423559
30	40	45.87465933
1	41	168.07923
2	41	78.13398001
3	41	236.3715093
4	41	370.9026069
5	41	156.5307743
6	41	295.8320471
7	41	438.9536484
8	41	356.0963803
9	41	360.0016331
10	41	284.88556
11	41	262.0193282
12	41	369.5157998
13	41	126.6864472
14	41	305.5524851
15	41	264.31015
16	41	299.0355576
17	41	253.6541325
18	41	252.5056116
19	41	311.8059365
20	41	318.6783668
21	41	175.280333
22	41	172.2477738
23	41	339.4630905
24	41	207.0813997
25	41	230.6467885
26	41	216.0012778
27	41	263.0582851
28	41	426.8653305
29	41	440.7785092
30	41	98.83564643
1	42	233.9590484
2	42	227.6395684
3	42	84.51932285
4	42	169.0806828
5	42	241.4988836
6	42	193.1714385
7	42	177.6314182
8	42	273.5216152
9	42	251.4302204
10	42	168.5062851
11	42	168.7078554
12	42	150.354072
13	42	169.7621482
14	42	222.0363891
15	42	220.8033143
16	42	87.86853217
17	42	73.14018488
18	42	95.99557279
19	42	232.6074643
20	42	161.3751614
21	42	206.8399085
22	42	185.083555
23	42	136.0691565
24	42	185.7544256
25	42	78.84062012
26	42	287.4267894
27	42	125.9930998
28	42	180.9178088
29	42	139.3799639
30	42	225.6569663
1	43	128.0842224
2	43	176.7711636
3	43	84.54458804
4	43	174.0150609
5	43	228.6956351
6	43	88.51331048
7	43	145.0531325
8	43	247.3993956
9	43	229.0691941
10	43	172.4471259
11	43	74.04899958
12	43	182.6358724
13	43	134.9466428
14	43	219.7938916
15	43	235.7720759
16	43	124.0079299
17	43	107.721127
18	43	27.09121427
19	43	144.8136132
20	43	159.2840307
21	43	200.895794
22	43	105.9383093
23	43	174.8866597
24	43	121.0681564
25	43	97.13225736
26	43	230.3459757
27	43	135.9976917
28	43	160.5905653
29	43	107.5040192
30	43	173.9312311
1	44	79.89770993
2	44	69.21868986
3	44	50.94207069
4	44	59.62370871
5	44	18.64139441
6	44	108.9903434
7	44	94.80189588
8	44	48.1762927
9	44	48.92883937
10	44	32.63278636
11	44	93.89851168
12	44	67.97893217
13	44	55.42630243
14	44	26.5252094
15	44	21.85377466
16	44	49.33550833
17	44	53.35387271
18	44	80.43927135
19	44	121.2030714
20	44	48.52057274
21	44	19.63839675
22	44	70.65155492
23	44	63.66780984
24	44	77.80574112
25	44	52.99888901
26	44	5.947107346
27	44	36.10680553
28	44	72.29267958
29	44	110.4990369
30	44	37.21889984
1	45	239.2052121
2	45	255.0392091
3	45	152.7683119
4	45	66.09523638
5	45	235.8854683
6	45	212.3002037
7	45	83.80213691
8	45	131.8768133
9	45	123.1016681
10	45	154.53109
11	45	225.9532925
12	45	35.08770493
13	45	222.8118083
14	45	165.1916687
15	45	181.8099012
16	45	99.34955892
17	45	105.4821226
18	45	171.1293466
19	45	279.8132477
20	45	80.73546614
21	45	202.5511459
22	45	211.3870887
23	45	56.07074852
24	45	261.8315953
25	45	119.6447662
26	45	236.6541574
27	45	122.7536492
28	45	36.90899738
29	45	100.9235026
30	45	247.2033277
1	46	99.36139705
2	46	87.8348521
3	46	76.65626176
4	46	199.7012287
5	46	96.65826471
6	46	163.1563884
7	46	255.121274
8	46	193.1269469
9	46	225.3145514
10	46	147.9268925
11	46	128.0688876
12	46	203.2808117
13	46	34.33089657
14	46	164.4684269
15	46	164.7910099
16	46	130.5044608
17	46	98.80568208
18	46	107.815719
19	46	161.8137921
20	46	151.7606128
21	46	83.22900228
22	46	72.92487385
23	46	162.7986324
24	46	113.8640776
25	46	86.70016823
26	46	124.5201166
27	46	118.2188283
28	46	222.3777942
29	46	211.2230522
30	46	62.18791737
1	47	234.1244537
2	47	282.3911429
3	47	142.5636014
4	47	162.93294
5	47	272.6588373
6	47	170.1209595
7	47	63.66630176
8	47	233.0070611
9	47	220.9668791
10	47	209.4852602
11	47	183.6136765
12	47	114.3027413
13	47	245.5422447
14	47	221.9002785
15	47	249.2689087
16	47	114.8565681
17	47	124.55696
18	47	134.691152
19	47	236.6649607
20	47	158.9136285
21	47	264.4053493
22	47	214.5009075
23	47	145.8190018
24	47	245.3964977
25	47	129.2314036
26	47	305.1830263
27	47	168.1977861
28	47	121.5033925
29	47	31.4333631
30	47	260.3358739
1	48	317.9221356
2	48	332.6141508
3	48	144.9819952
4	48	18.8403497
5	48	224.2279192
6	48	320.4964251
7	48	192.2331651
8	48	102.5734299
9	48	92.77021527
10	48	98.96680558
11	48	338.7350813
12	48	68.67498225
13	48	243.1882167
14	48	126.1267731
15	48	148.5634812
16	48	95.87495161
17	48	108.6144731
18	48	246.7848257
19	48	387.5654487
20	48	33.49628275
21	48	207.8606517
22	48	287.3651182
23	48	40.07428622
24	48	333.6289311
25	48	143.7981251
26	48	221.8458759
27	48	92.23814914
28	48	74.5697282
29	48	216.8431283
30	48	268.9208539
1	49	198.0142546
2	49	203.6486035
3	49	89.96969691
4	49	28.19161518
5	49	152.7114872
6	49	208.1028354
7	49	104.9098802
8	49	89.25502636
9	49	80.48369706
10	49	77.14322682
11	49	189.5954551
12	49	28.30245144
13	49	170.4513452
14	49	97.5506121
15	49	113.5119994
16	49	49.2103733
17	49	60.69694899
18	49	139.1598848
19	49	242.0889139
20	49	36.00917792
21	49	131.093581
22	49	183.2481854
23	49	8.085205616
24	49	205.9739036
25	49	79.79660192
26	49	164.4946198
27	49	68.88402088
28	49	31.4477947
29	49	117.5259513
30	49	183.7752921
1	50	192.1526272
2	50	232.4243297
3	50	64.10483071
4	50	140.6679148
5	50	211.2146164
6	50	205.2635298
7	50	189.7110439
8	50	199.5948261
9	50	194.3875508
10	50	153.3065003
11	50	185.9189171
12	50	135.1645427
13	50	169.0610833
14	50	184.5414558
15	50	214.0020837
16	50	66.21016481
17	50	53.64121754
18	50	104.7347239
19	50	261.1454507
20	50	141.3398454
21	50	188.2315588
22	50	188.2041698
23	50	118.2210873
24	50	187.2910557
25	50	57.63546656
26	50	239.2952599
27	50	93.34914015
28	50	139.0873488
29	50	142.841477
30	50	178.6394064
1	51	105.5484044
2	51	69.87401655
3	51	117.0861403
4	51	173.0289028
5	51	61.53946015
6	51	195.4350526
7	51	261.3453971
8	51	191.7058658
9	51	187.4018083
10	51	127.594997
11	51	143.384581
12	51	197.2652359
13	51	61.37062704
14	51	136.7385662
15	51	139.1418419
16	51	159.7173886
17	51	128.1921636
18	51	147.1790368
19	51	188.9840842
20	51	151.7631123
21	51	58.69004561
22	51	95.15999226
23	51	196.6206595
24	51	130.1062389
25	51	116.8693765
26	51	91.31078132
27	51	132.0286242
28	51	194.2034121
29	51	203.6151297
30	51	32.21991856
1	52	134.0287554
2	52	239.2004465
3	52	229.6517195
4	52	382.4275058
5	52	387.6749781
6	52	62.26069439
7	52	305.2763912
8	52	447.6107253
9	52	449.7492736
10	52	324.6988683
11	52	55.35284295
12	52	354.4478569
13	52	222.011263
14	52	394.3471104
15	52	398.7540231
16	52	255.9128231
17	52	250.4585573
18	52	119.4023365
19	52	67.98188525
20	52	356.4353751
21	52	343.4061791
22	52	143.0364793
23	52	343.7368349
24	52	112.1496462
25	52	256.4507711
26	52	369.3198962
27	52	306.4999063
28	52	346.2676412
29	52	273.3048062
30	52	268.1000123
1	53	46.52392729
2	53	112.5847916
3	53	198.2698399
4	53	359.6545854
5	53	291.2737735
6	53	128.9761431
7	53	309.9483757
8	53	375.0348861
9	53	378.0393403
10	53	282.1347944
11	53	74.03145576
12	53	326.0636134
13	53	120.742629
14	53	307.4043473
15	53	367.8642751
16	53	275.4490774
17	53	253.5382154
18	53	130.961652
19	53	114.0672605
20	53	317.4598234
21	53	246.9788886
22	53	58.92709031
23	53	329.3447992
24	53	12.70406432
25	53	196.8246844
26	53	300.2826689
27	53	277.3929064
28	53	358.8376927
29	53	286.965099
30	53	181.0284614
1	54	218.3111363
2	54	223.1773813
3	54	64.46557152
4	54	97.30745369
5	54	185.8452625
6	54	175.2629299
7	54	140.0744686
8	54	166.6012661
9	54	151.7968619
10	54	95.67873434
11	54	182.884001
12	54	93.49672594
13	54	169.1697754
14	54	141.501249
15	54	132.9844279
16	54	27.73732341
17	54	28.90200591
18	54	118.3526676
19	54	241.8535875
20	54	87.9077543
21	54	139.0237391
22	54	179.9865568
23	54	67.06491666
24	54	182.8721676
25	54	51.37384903
26	54	174.9013643
27	54	59.13362269
28	54	97.93620141
29	54	120.1373298
30	54	174.4339415
1	55	163.9144078
2	55	175.7439081
3	55	83.7772292
4	55	52.53443898
5	55	157.7382042
6	55	127.7627544
7	55	52.47503485
8	55	101.5636554
9	55	90.35070892
10	55	94.44196461
11	55	152.7261009
12	55	37.21121949
13	55	150.7549585
14	55	104.5042149
15	55	130.3772306
16	55	55.76559917
17	55	60.00886234
18	55	101.6617864
19	55	194.9579011
20	55	69.78813143
21	55	152.5369632
22	55	137.8293948
23	55	39.98951422
24	55	161.9664996
25	55	84.55456335
26	55	165.2053893
27	55	72.85969899
28	55	37.74696671
29	55	65.19954032
30	55	166.8656479
1	56	121.1574384
2	56	111.0749514
3	56	51.92927386
4	56	14.55920518
5	56	87.72320609
6	56	126.9319512
7	56	74.6915669
8	56	36.28593427
9	56	30.9231099
10	56	33.04451186
11	56	123.0035697
12	56	34.80010868
13	56	101.7380093
14	56	38.26078627
15	56	48.78920537
16	56	30.27788519
17	56	41.41954614
18	56	100.9905083
19	56	148.5860527
20	56	6.368076562
21	56	80.63756735
22	56	118.1754221
23	56	17.84388502
24	56	125.1151641
25	56	48.03364963
26	56	79.5983388
27	56	31.55215645
28	56	34.96464992
29	56	77.75229706
30	56	100.2094338
1	57	196.203459
2	57	251.0609081
3	57	167.278605
4	57	276.6222307
5	57	330.3080905
6	57	94.17523542
7	57	187.4765666
8	57	373.0464441
9	57	294.7404666
10	57	279.4809905
11	57	116.5870217
12	57	224.1313243
13	57	204.7691506
14	57	316.9179032
15	57	327.9585418
16	57	176.0063008
17	57	164.2746643
18	57	60.07686227
19	57	163.4447053
20	57	233.8147408
21	57	255.2119544
22	57	159.4345122
23	57	213.3694604
24	57	184.3133841
25	57	152.8645348
26	57	363.7644096
27	57	201.8848766
28	57	240.8205395
29	57	117.0450961
30	57	243.7925013
1	58	230.3252765
2	58	227.1184347
3	58	150.1191406
4	58	183.4802824
5	58	67.10448449
6	58	296.8836889
7	58	333.4142724
8	58	151.3467177
9	58	160.2324312
10	58	101.1686216
11	58	307.75703
12	58	218.6913898
13	58	197.1868716
14	58	82.71917262
15	58	61.94916047
16	58	163.4577852
17	58	170.5712103
18	58	270.2737386
19	58	320.5052731
20	58	146.0263629
21	58	71.42765057
22	58	237.3639752
23	58	172.7023143
24	58	274.4786843
25	58	148.312302
26	58	25.03392319
27	58	118.6406998
28	58	228.3044837
29	58	325.219564
30	58	124.9361123
1	59	155.3289109
2	59	171.932064
3	59	53.52072691
4	59	190.30126
5	59	192.3922617
6	59	190.8591174
7	59	232.6002012
8	59	284.8766049
9	59	252.7229136
10	59	186.4573901
11	59	139.7766625
12	59	199.4614081
13	59	122.0921878
14	59	210.2181048
15	59	219.4345566
16	59	105.1393306
17	59	83.88763314
18	59	93.88907961
19	59	222.7504072
20	59	195.9457619
21	59	159.2779708
22	59	115.1088188
23	59	200.8177133
24	59	138.5102394
25	59	67.67922989
26	59	226.5584453
27	59	134.4941213
28	59	232.0341892
29	59	203.2095653
30	59	169.8014476
1	60	136.5950964
2	60	58.39249197
3	60	175.1060734
4	60	299.4379159
5	60	124.7997331
6	60	245.4244744
7	60	366.9298998
8	60	298.6094668
9	60	315.9160853
10	60	242.2745603
11	60	209.339875
12	60	352.0728669
13	60	67.51452376
14	60	229.3485142
15	60	216.8149811
16	60	223.3809932
17	60	206.0544067
18	60	221.1025292
19	60	246.1912795
20	60	256.6938392
21	60	133.8842974
22	60	114.3535272
23	60	329.815113
24	60	162.9518391
25	60	199.0622537
26	60	176.9840331
27	60	215.6720269
28	60	335.0558309
29	60	335.8730642
30	60	66.20953033
1	61	85.98501986
2	61	100.0574715
3	61	13.25343328
4	61	79.60858152
5	61	96.39563796
6	61	87.87448175
7	61	99.07396941
8	61	119.1053111
9	61	108.0634796
10	61	63.99563008
11	61	87.45583909
12	61	74.53242135
13	61	66.89347521
14	61	84.39593257
15	61	96.48946321
16	61	39.41051667
17	61	23.4169146
18	61	56.97177994
19	61	132.7120967
20	61	68.49997536
21	61	68.97779291
22	61	70.54155174
23	61	75.84771444
24	61	80.44754754
25	61	12.8575561
26	61	90.39286785
27	61	41.73144477
28	61	90.62415927
29	61	91.17776824
30	61	84.67350316
1	62	297.8843006
2	62	263.121612
3	62	176.948942
4	62	172.3472182
5	62	120.0002325
6	62	356.5984902
7	62	329.1522092
8	62	108.4719073
9	62	108.2426619
10	62	82.07717442
11	62	343.2584411
12	62	207.6151433
13	62	231.5358166
14	62	49.64293485
15	62	35.98637827
16	62	150.1132883
17	62	172.2125206
18	62	259.9242844
19	62	421.9396401
20	62	138.437014
21	62	124.001744
22	62	283.0378328
23	62	174.5928038
24	62	326.5021089
25	62	175.7973694
26	62	80.27138832
27	62	110.8955106
28	62	211.8900129
29	62	301.6057282
30	62	181.8884237
1	63	124.6804924
2	63	74.27466675
3	63	118.7724079
4	63	226.6976516
5	63	64.26916278
6	63	213.8609267
7	63	284.4333614
8	63	205.0494572
9	63	219.127529
10	63	147.9257107
11	63	155.2967017
12	63	218.2185449
13	63	63.45291185
14	63	160.0327584
15	63	164.8006085
16	63	162.3291787
17	63	141.5401687
18	63	186.8459369
19	63	214.2323921
20	63	199.2066385
21	63	81.58812619
22	63	114.1450027
23	63	222.1349661
24	63	146.2407612
25	63	140.628783
26	63	112.2963216
27	63	149.0430486
28	63	258.9010084
29	63	240.2163385
30	63	34.23862701
1	64	487.3526434
2	64	423.5229369
3	64	285.4608294
4	64	154.9250071
5	64	277.5287581
6	64	487.3794876
7	64	336.3072073
8	64	55.63392706
9	64	83.43890762
10	64	138.6036061
11	64	501.0497859
12	64	213.9066008
13	64	360.8534393
14	64	131.851276
15	64	122.3495621
16	64	212.3782606
17	64	262.9573038
18	64	400.0481127
19	64	544.2440275
20	64	161.2834226
21	64	258.2083559
22	64	463.2471961
23	64	203.7549539
24	64	497.0142373
25	64	281.2851585
26	64	214.4709771
27	64	179.7963599
28	64	223.6627099
29	64	406.913346
30	64	346.1419184
1	65	92.12031288
2	65	64.20186754
3	65	93.10742915
4	65	149.5700527
5	65	49.98473353
6	65	150.7465696
7	65	197.89387
8	65	154.6297418
9	65	141.9734843
10	65	104.6495375
11	65	113.6309066
12	65	176.7217491
13	65	64.03059954
14	65	109.7578514
15	65	99.81499503
16	65	120.3503808
17	65	106.8636452
18	65	124.536083
19	65	137.8251881
20	65	135.0118409
21	65	56.93265503
22	65	86.24070579
23	65	136.1913958
24	65	103.6045367
25	65	111.9646883
26	65	73.32711095
27	65	94.09157992
28	65	177.4892728
29	65	194.1832717
30	65	36.07736164
1	66	191.0259147
2	66	248.5818135
3	66	196.945628
4	66	328.3923979
5	66	315.5790098
6	66	64.11410661
7	66	265.4005195
8	66	383.0013609
9	66	388.9295446
10	66	297.0447591
11	66	74.55269914
12	66	281.3086417
13	66	224.0906604
14	66	372.1847521
15	66	401.4707015
16	66	216.4760502
17	66	185.6582964
18	66	54.66442201
19	66	143.7407429
20	66	316.1725202
21	66	333.5899672
22	66	161.2810272
23	66	313.8256244
24	66	148.5308415
25	66	184.3733549
26	66	380.1810892
27	66	253.3977929
28	66	325.3867856
29	66	189.9943347
30	66	271.6030914
1	67	35.28826934
2	67	37.28306391
3	67	35.75779184
4	67	87.86793284
5	67	58.24000407
6	67	63.62254439
7	67	121.1467612
8	67	110.206239
9	67	116.1606088
10	67	73.6646763
11	67	45.20297997
12	67	101.5607912
13	67	14.24766402
14	67	75.15175119
15	67	82.83357734
16	67	59.23327425
17	67	56.68044669
18	67	41.60298406
19	67	75.10850422
20	67	92.93262331
21	67	49.84752241
22	67	21.18547559
23	67	81.88813301
24	67	40.2505045
25	67	42.05340886
26	67	81.02639093
27	67	58.81417895
28	67	109.92479
29	67	100.1677223
30	67	37.82633168
1	68	275.3037199
2	68	355.1955809
3	68	134.7461111
4	68	114.0024373
5	68	310.0425312
6	68	231.8030544
7	68	137.7151593
8	68	242.4611876
9	68	196.1590143
10	68	187.7778281
11	68	258.0448
12	68	97.82340184
13	68	259.9743772
14	68	201.7658719
15	68	226.2550688
16	68	75.2303913
17	68	84.37937609
18	68	186.8059478
19	68	328.132564
20	68	135.0015299
21	68	230.385645
22	68	245.4501192
23	68	87.73460064
24	68	275.0402869
25	68	114.3194003
26	68	285.6320006
27	68	144.0012207
28	68	102.6455939
29	68	119.9812825
30	68	271.178984
1	69	329.184177
2	69	333.4963768
3	69	166.1812229
4	69	16.25321389
5	69	244.3291484
6	69	309.5497584
7	69	195.3697852
8	69	114.1574143
9	69	92.67977549
10	69	113.1630522
11	69	323.8905089
12	69	49.68451425
13	69	259.4865395
14	69	144.875296
15	69	159.2163479
16	69	93.13866731
17	69	115.8817442
18	69	245.2550228
19	69	374.790829
20	69	40.6142909
21	69	213.6693195
22	69	289.906181
23	69	24.82754295
24	69	301.3826284
25	69	148.7631267
26	69	218.7012865
27	69	104.7727383
28	69	62.08052235
29	69	220.5397862
30	69	267.4008369
1	70	210.6644327
2	70	208.6755647
3	70	125.5518818
4	70	255.2806285
5	70	100.2653559
6	70	325.9269894
7	70	344.2583236
8	70	255.6869786
9	70	263.615707
10	70	143.0899622
11	70	278.2624167
12	70	258.4982056
13	70	139.3204867
14	70	162.3499459
15	70	152.0204578
16	70	166.1154028
17	70	153.8166694
18	70	227.1143302
19	70	389.8669379
20	70	206.3586463
21	70	63.75770131
22	70	192.5214391
23	70	259.7630142
24	70	260.076248
25	70	121.0692464
26	70	124.4289134
27	70	119.3362991
28	70	275.2606989
29	70	315.2718363
30	70	83.66558593
1	71	157.9957877
2	71	196.8084763
3	71	84.52572257
4	71	124.8077828
5	71	208.6893142
6	71	116.6911882
7	71	93.8165408
8	71	182.745211
9	71	168.6022112
10	71	140.9506919
11	71	119.6113731
12	71	113.5638263
13	71	149.9160489
14	71	173.1757271
15	71	187.9374839
16	71	83.57058588
17	71	75.43101354
18	71	76.91149862
19	71	164.6334226
20	71	131.355827
21	71	162.900675
22	71	138.5306935
23	71	107.4791902
24	71	151.9589499
25	71	90.42803098
26	71	211.044321
27	71	128.8288019
28	71	114.1619712
29	71	68.8050674
30	71	191.3102955
1	72	394.8331327
2	72	390.4106931
3	72	145.1683012
4	72	73.86048255
5	72	304.1691382
6	72	359.5968703
7	72	191.3095499
8	72	193.8460434
9	72	152.9646468
10	72	164.326434
11	72	357.4442278
12	72	79.24585554
13	72	272.3764091
14	72	201.3684004
15	72	208.7804002
16	72	75.90852984
17	72	95.33220779
18	72	252.9074817
19	72	390.2265934
20	72	78.51350398
21	72	251.6155089
22	72	337.0476617
23	72	38.43344379
24	72	375.5775117
25	72	140.6616122
26	72	306.2326813
27	72	111.8749614
28	72	78.58228783
29	72	188.7910225
30	72	322.3032678
1	73	365.6943784
2	73	353.9335633
3	73	198.1012145
4	73	155.0014102
5	73	176.8317777
6	73	462.5381649
7	73	331.8739533
8	73	104.7670585
9	73	112.6352556
10	73	65.53171371
11	73	405.8794837
12	73	229.99532
13	73	275.1440507
14	73	24.59439657
15	73	25.55907081
16	73	187.4666413
17	73	195.6160083
18	73	336.3333985
19	73	451.5017125
20	73	121.1578437
21	73	139.3774203
22	73	336.7028855
23	73	180.5006901
24	73	415.6486659
25	73	177.5736088
26	73	115.3963071
27	73	119.3498855
28	73	234.2141775
29	73	402.8765385
30	73	209.084238
1	74	286.1533079
2	74	316.6089412
3	74	172.233945
4	74	206.0377638
5	74	320.1337336
6	74	138.758232
7	74	114.0647291
8	74	341.1634256
9	74	304.5885741
10	74	246.5083478
11	74	204.5282541
12	74	188.0335575
13	74	262.8094814
14	74	293.5953635
15	74	338.3269583
16	74	173.0562857
17	74	185.1915285
18	74	139.9774504
19	74	236.2696963
20	74	211.8671353
21	74	332.8372119
22	74	224.6767819
23	74	193.0469354
24	74	250.7659783
25	74	186.0357709
26	74	375.0378184
27	74	214.0222363
28	74	191.0656401
29	74	51.06206694
30	74	333.4574049
1	75	204.9634581
2	75	245.1365563
3	75	74.08565449
4	75	107.4999206
5	75	223.0701124
6	75	176.7008178
7	75	160.1720502
8	75	186.4604915
9	75	165.2508956
10	75	118.8862684
11	75	196.9954079
12	75	119.7976524
13	75	158.404984
14	75	170.6670658
15	75	174.4212802
16	75	43.2887801
17	75	45.48775273
18	75	109.7025464
19	75	247.7570225
20	75	94.68946747
21	75	161.8440199
22	75	175.9143468
23	75	85.15638117
24	75	200.5538719
25	75	57.55477559
26	75	208.6461696
27	75	87.58909492
28	75	111.0504968
29	75	141.4652065
30	75	207.5470777
;		

param Dmax:=		
35
;		

param Cmin:=
81.40%
;