set I:=
1
2
3
4
5
6
7
8
9
10
11
12
13
14
15
16
17
18
19
20
21
22
23
24
25
26
27
28
29
30
;

set J:=
1
2
3
4
5
6
7
8
9
10
11
12
13
14
15
16
17
18
19
20
21
22
23
24
25
26
27
28
29
30
31
32
33
34
35
36
37
38
39
40
41
42
43
44
45
46
47
48
49
50
51
52
53
54
55
56
57
58
59
60
61
62
63
64
65
66
67
68
69
70
71
72
73
74
75
;

param f:=
1	281
2	112
3	331
4	295
5	387
6	101
7	349
8	384
9	306
10	353
11	241
12	258
13	295
14	101
15	233
16	149
17	120
18	131
19	112
20	387
21	307
22	182
23	219
24	190
25	172
26	336
27	113
28	135
29	116
30	371
;	

param d:=	
1	34
2	10
3	23
4	10
5	29
6	21
7	19
8	15
9	19
10	22
11	29
12	25
13	16
14	24
15	15
16	43
17	25
18	13
19	24
20	37
21	27
22	13
23	35
24	40
25	19
26	40
27	22
28	29
29	11
30	19
31	20
32	15
33	45
34	40
35	46
36	15
37	19
38	18
39	30
40	43
41	40
42	47
43	31
44	24
45	31
46	37
47	29
48	42
49	21
50	13
51	42
52	37
53	12
54	10
55	19
56	32
57	16
58	29
59	15
60	48
61	13
62	39
63	24
64	35	
65	11	
66	24	
67	16	
68	45	
69	28	
70	13	
71	28	
72	20	
73	47	
74	24	
75	23	
;		

param h:=		
1	1	122
2	1	13
3	1	59
4	1	116
5	1	138
6	1	80
7	1	46
8	1	23
9	1	110
10	1	98
11	1	89
12	1	62
13	1	87
14	1	49
15	1	45
16	1	116
17	1	47
18	1	163
19	1	56
20	1	79
21	1	83
22	1	37
23	1	49
24	1	83
25	1	126
26	1	71
27	1	81
28	1	129
29	1	56
30	1	61
1	2	126
2	2	78
3	2	43
4	2	99
5	2	112
6	2	142
7	2	66
8	2	66
9	2	169
10	2	70
11	2	159
12	2	127
13	2	144
14	2	40
15	2	115
16	2	32
17	2	59
18	2	125
19	2	92
20	2	103
21	2	133
22	2	76
23	2	93
24	2	155
25	2	87
26	2	118
27	2	22
28	2	82
29	2	145
30	2	139
1	3	31
2	3	111
3	3	136
4	3	55
5	3	70
6	3	52
7	3	73
8	3	105
9	3	58
10	3	182
11	3	69
12	3	165
13	3	44
14	3	116
15	3	68
16	3	133
17	3	136
18	3	98
19	3	158
20	3	29
21	3	34
22	3	136
23	3	55
24	3	181
25	3	82
26	3	36
27	3	108
28	3	93
29	3	131
30	3	80
1	4	90
2	4	37
3	4	62
4	4	81
5	4	103
6	4	70
7	4	12
8	4	28
9	4	99
10	4	108
11	4	85
12	4	96
13	4	73
14	4	43
15	4	41
16	4	93
17	4	59
18	4	129
19	4	82
20	4	48
21	4	65
22	4	59
23	4	23
24	4	118
25	4	92
26	4	50
27	4	58
28	4	96
29	4	85
30	4	66
1	5	62
2	5	120
3	5	153
4	5	88
5	5	102
6	5	35
7	5	91
8	5	117
9	5	28
10	5	199
11	5	45
12	5	165
13	5	26
14	5	134
15	5	66
16	5	161
17	5	149
18	5	130
19	5	166
20	5	52
21	5	26
22	5	145
23	5	67
24	5	176
25	5	114
26	5	40
27	5	133
28	5	125
29	5	121
30	5	67
1	6	109
2	6	118
3	6	160
4	6	130
5	6	148
6	6	34
7	6	109
8	6	121
9	6	22
10	6	203
11	6	16
12	6	146
13	6	36
14	6	144
15	6	62
16	6	190
17	6	152
18	6	176
19	6	159
20	6	84
21	6	48
22	6	143
23	6	82
24	6	150
25	6	155
26	6	60
27	6	157
28	6	165
29	6	93
30	6	45
1	7	74
2	7	52
3	7	77
4	7	69
5	7	91
6	7	59
7	7	16
8	7	44
9	7	87
10	7	123
11	7	76
12	7	110
13	7	61
14	7	57
15	7	38
16	7	97
17	7	75
18	7	118
19	7	98
20	7	32
21	7	52
22	7	75
23	7	11
24	7	131
25	7	83
26	7	36
27	7	64
28	7	89
29	7	92
30	7	62
1	8	69
2	8	144
3	8	136
4	8	41
5	8	28
6	8	141
7	8	99
8	8	131
9	8	155
10	8	172
11	8	160
12	8	205
13	8	137
14	8	120
15	8	138
16	8	79
17	8	146
18	8	23
19	8	179
20	8	90
21	8	124
22	8	158
23	8	110
24	8	229
25	8	20
26	8	116
27	8	85
28	8	19
29	8	196
30	8	160
1	9	158
2	9	45
3	9	22
4	9	141
5	9	159
6	9	137
7	9	76
8	9	45
9	9	167
10	9	39
11	9	148
12	9	66
13	9	143
14	9	38
15	9	102
16	9	97
17	9	13
18	9	179
19	9	27
20	9	121
21	9	137
22	9	23
23	9	96
24	9	94
25	9	140
26	9	122
27	9	73
28	9	138
29	9	102
30	9	120
1	10	130
2	10	12
3	10	58
4	10	123
5	10	145
6	10	86
7	10	53
8	10	25
9	10	116
10	10	95
11	10	94
12	10	54
13	10	93
14	10	51
15	10	51
16	10	119
17	10	45
18	10	170
19	10	50
20	10	86
21	10	90
22	10	32
23	10	57
24	10	76
25	10	133
26	10	78
27	10	85
28	10	135
29	10	54
30	10	65
1	11	80
2	11	51
3	11	62
4	11	66
5	11	87
6	11	80
7	11	6
8	11	39
9	11	108
10	11	108
11	11	98
12	11	112
13	11	82
14	11	42
15	11	57
16	11	76
17	11	64
18	11	111
19	11	92
20	11	45
21	11	72
22	11	69
23	11	32
24	11	135
25	11	73
26	11	57
27	11	42
28	11	77
29	11	105
30	11	82
1	12	120
2	12	24
3	12	70
4	12	117
5	12	139
6	12	71
7	12	50
8	12	33
9	12	100
10	12	109
11	12	79
12	12	65
13	12	78
14	12	59
15	12	36
16	12	124
17	12	58
18	12	165
19	12	65
20	12	76
21	12	76
22	12	47
23	12	46
24	12	83
25	12	129
26	12	64
27	12	89
28	12	133
29	12	49
30	12	50
1	13	143
2	13	97
3	13	57
4	13	114
5	13	124
6	13	163
7	13	87
8	13	86
9	13	190
10	13	69
11	13	180
12	13	141
13	13	165
14	13	59
15	13	136
16	13	30
17	13	73
18	13	133
19	13	103
20	13	123
21	13	154
22	13	91
23	13	114
24	13	169
25	13	98
26	13	139
27	13	41
28	13	91
29	13	164
30	13	160
1	14	74
2	14	155
3	14	146
4	14	49
5	14	32
6	14	149
7	14	110
8	14	141
9	14	162
10	14	182
11	14	168
12	14	216
13	14	144
14	14	131
15	14	147
16	14	88
17	14	157
18	14	16
19	14	190
20	14	98
21	14	132
22	14	168
23	14	120
24	14	240
25	14	30
26	14	124
27	14	95
28	14	29
29	14	206
30	14	169
1	15	98
2	15	37
3	15	76
4	15	97
5	15	118
6	15	55
7	15	35
8	15	37
9	15	85
10	15	120
11	15	67
12	15	87
13	15	61
14	15	60
15	15	21
16	15	116
17	15	68
18	15	146
19	15	83
20	15	54
21	15	56
22	15	62
23	15	24
24	15	105
25	15	111
26	15	44
27	15	81
28	15	116
29	15	64
30	15	44
1	16	85
2	16	59
3	16	57
4	16	65
5	16	83
6	16	96
7	16	22
8	16	45
9	16	122
10	16	101
11	16	113
12	16	119
13	16	97
14	16	38
15	16	73
16	16	60
17	16	63
18	16	105
19	16	95
20	16	56
21	16	86
22	16	72
23	16	48
24	16	144
25	16	66
26	16	71
27	16	27
28	16	67
29	16	118
30	16	98
1	17	153
2	17	49
3	17	91
4	17	152
5	17	174
6	17	90
7	17	86
8	17	62
9	17	116
10	17	119
11	17	91
12	17	42
13	17	99
14	17	87
15	17	61
16	17	156
17	17	75
18	17	201
19	17	64
20	17	109
21	17	101
22	17	58
23	17	80
24	17	51
25	17	165
26	17	93
27	17	121
28	17	169
29	17	20
30	17	61
1	18	213
2	18	93
3	18	117
4	18	208
5	18	230
6	18	151
7	18	138
8	18	106
9	18	175
10	18	123
11	18	149
12	18	33
13	18	160
14	18	123
15	18	122
16	18	192
17	18	101
18	18	255
19	18	70
20	18	169
21	18	162
22	18	84
23	18	139
24	18	10
25	18	217
26	18	154
27	18	162
28	18	219
29	18	67
30	18	120
1	19	47
2	19	82
3	19	94
4	19	36
5	19	58
6	19	74
7	19	36
8	19	71
9	19	95
10	19	139
11	19	93
12	19	142
13	19	72
14	19	74
15	19	66
16	19	86
17	19	97
18	19	85
19	19	125
20	19	24
21	19	60
22	19	102
23	19	38
24	19	164
25	19	52
26	19	47
27	19	60
28	19	60
29	19	125
30	19	89
1	20	118
2	20	29
3	20	26
4	20	101
5	20	121
6	20	104
7	20	36
8	20	17
9	20	134
10	20	72
11	20	118
12	20	85
13	20	109
14	20	9
15	20	73
16	20	77
17	20	27
18	20	142
19	20	57
20	20	81
21	20	101
22	20	35
23	20	59
24	20	111
25	20	103
26	20	86
27	20	44
28	20	103
29	20	96
30	20	95
1	21	175
2	21	119
3	21	74
4	21	146
5	21	155
6	21	193
7	21	118
8	21	110
9	21	221
10	21	64
11	21	209
12	21	153
13	21	196
14	21	83
15	21	165
16	21	58
17	21	89
18	21	161
19	21	113
20	21	156
21	21	186
22	21	107
23	21	145
24	21	181
25	21	129
26	21	170
27	21	74
28	21	120
29	21	185
30	21	188
1	22	116
2	22	40
3	22	24
4	22	97
5	22	116
6	22	111
7	22	38
8	22	28
9	22	140
10	22	70
11	22	126
12	22	94
13	22	114
14	22	5
15	22	80
16	22	66
17	22	31
18	22	136
19	22	64
20	22	83
21	22	106
22	22	44
23	22	64
24	22	121
25	22	96
26	22	91
27	22	34
28	22	95
29	22	107
30	22	103
1	23	87
2	23	135
3	23	120
4	23	55
5	23	50
6	23	149
7	23	95
8	23	122
9	23	167
10	23	152
11	23	169
12	23	195
13	23	146
14	23	107
15	23	140
16	23	55
17	23	132
18	23	48
19	23	166
20	23	97
21	23	133
22	23	145
23	23	111
24	23	221
25	23	28
26	23	123
27	23	68
28	23	17
29	23	193
30	23	164
1	24	174
2	24	63
3	24	32
4	24	154
5	24	172
6	24	154
7	24	93
8	24	63
9	24	184
10	24	24
11	24	165
12	24	74
13	24	160
14	24	52
15	24	120
16	24	101
17	24	30
18	24	190
19	24	34
20	24	137
21	24	154
22	24	39
23	24	113
24	24	101
25	24	151
26	24	140
27	24	82
28	24	148
29	24	116
30	24	137
1	25	163
2	25	38
3	25	63
4	25	155
5	25	176
6	25	116
7	25	84
8	25	50
9	25	145
10	25	83
11	25	122
12	25	23
13	25	124
14	25	67
15	25	82
16	25	137
17	25	47
18	25	201
19	25	27
20	25	120
21	25	123
22	25	29
23	25	91
24	25	50
25	25	162
26	25	111
27	25	105
28	25	163
29	25	57
30	25	91
1	26	83
2	26	121
3	26	106
4	26	50
5	26	51
6	26	138
7	26	81
8	26	107
9	26	158
10	26	140
11	26	158
12	26	181
13	26	136
14	26	92
15	26	127
16	26	47
17	26	118
18	26	56
19	26	152
20	26	87
21	26	123
22	26	131
23	26	99
24	26	206
25	26	25
26	26	112
27	26	54
28	26	15
29	26	179
30	26	151
1	27	116
2	27	11
3	27	44
4	27	106
5	27	127
6	27	88
7	27	35
8	27	5
9	27	118
10	27	87
11	27	100
12	27	72
13	27	93
14	27	31
15	27	54
16	27	98
17	27	36
18	27	151
19	27	55
20	27	75
21	27	87
22	27	32
23	27	48
24	27	96
25	27	113
26	27	73
27	27	63
28	27	115
29	27	74
30	27	74
1	28	127
2	28	63
3	28	27
4	28	103
5	28	118
6	28	133
7	28	58
8	28	51
9	28	161
10	28	61
11	28	149
12	28	111
13	28	136
14	28	25
15	28	104
16	28	48
17	28	43
18	28	134
19	28	76
20	28	99
21	28	126
22	28	60
23	28	85
24	28	139
25	28	95
26	28	111
27	28	26
28	28	91
29	28	130
30	28	127
1	29	76
2	29	70
3	29	68
4	29	53
5	29	72
6	29	96
7	29	28
8	29	56
9	29	122
10	29	111
11	29	115
12	29	131
13	29	97
14	29	49
15	29	78
16	29	58
17	29	75
18	29	94
19	29	106
20	29	52
21	29	85
22	29	84
23	29	50
24	29	155
25	29	54
26	29	71
27	29	29
28	29	56
29	29	126
30	29	103
1	30	179
2	30	58
3	30	46
4	30	164
5	30	183
6	30	149
7	30	97
8	30	63
9	30	179
10	30	43
11	30	158
12	30	52
13	30	156
14	30	61
15	30	114
16	30	120
17	30	35
18	30	203
19	30	15
20	30	140
21	30	152
22	30	32
23	30	113
24	30	79
25	30	163
26	30	138
27	30	97
28	30	162
29	30	99
30	30	128
1	31	127
2	31	49
3	31	95
4	31	129
5	31	151
6	31	61
7	31	69
8	31	58
9	31	87
10	31	132
11	31	63
12	31	70
13	31	69
14	31	85
15	31	32
16	31	148
17	31	82
18	31	179
19	31	83
20	31	83
21	31	71
22	31	69
23	31	56
24	31	80
25	31	145
26	31	64
27	31	112
28	31	151
29	31	31
30	31	32
1	32	58
2	32	100
3	32	97
4	32	28
5	32	42
6	32	107
7	32	55
8	32	87
9	32	127
10	32	137
11	32	126
12	32	161
13	32	105
14	32	79
15	32	97
16	32	62
17	32	105
18	32	63
19	32	137
20	32	56
21	32	92
22	32	115
23	32	69
24	32	185
25	32	24
26	32	81
27	32	49
28	32	28
29	32	153
30	32	121
1	33	156
2	33	33
3	33	66
4	33	149
5	33	171
6	33	107
7	33	79
8	33	47
9	33	135
10	33	91
11	33	111
12	33	28
13	33	115
14	33	67
15	33	73
16	33	137
17	33	50
18	33	196
19	33	36
20	33	113
21	33	113
22	33	32
23	33	83
24	33	51
25	33	158
26	33	102
27	33	105
28	33	160
29	33	48
30	33	81
1	34	84
2	34	95
3	34	80
4	34	54
5	34	65
6	34	124
7	34	58
8	34	81
9	34	147
10	34	116
11	34	143
12	34	154
13	34	123
14	34	66
15	34	107
16	34	36
17	34	92
18	34	79
19	34	125
20	34	75
21	34	111
22	34	104
23	34	79
24	34	180
25	34	40
26	34	97
27	34	29
28	34	36
29	34	155
30	34	132
1	35	28
2	35	129
3	35	134
4	35	12
5	35	14
6	35	104
7	35	82
8	35	117
9	35	115
10	35	176
11	35	123
12	35	189
13	35	99
14	35	115
15	35	108
16	35	100
17	35	140
18	35	43
19	35	170
20	35	56
21	35	86
22	35	147
23	35	82
24	35	210
25	35	31
26	35	81
27	35	89
28	35	43
29	35	170
30	35	127
1	36	98
2	36	121
3	36	161
4	36	121
5	36	138
6	36	30
7	36	106
8	36	122
9	36	9
10	36	205
11	36	20
12	36	153
13	36	29
14	36	144
15	36	63
16	36	185
17	36	153
18	36	166
19	36	163
20	36	77
21	36	41
22	36	145
23	36	79
24	36	159
25	36	147
26	36	54
27	36	153
28	36	157
29	36	102
30	36	50
1	37	135
2	37	49
3	37	9
4	37	114
5	37	131
6	37	129
7	37	58
8	37	40
9	37	159
10	37	51
11	37	143
12	37	92
13	37	133
14	37	15
15	37	97
16	37	67
17	37	24
18	37	149
19	37	57
20	37	102
21	37	125
22	37	41
23	37	83
24	37	120
25	37	110
26	37	110
27	37	42
28	37	107
29	37	115
30	37	119
1	38	115
2	38	130
3	38	172
4	38	138
5	38	155
6	38	45
7	38	120
8	38	133
9	38	26
10	38	215
11	38	28
12	38	156
13	38	45
14	38	156
15	38	74
16	38	200
17	38	164
18	38	183
19	38	170
20	38	94
21	38	58
22	38	154
23	38	93
24	38	159
25	38	164
26	38	70
27	38	168
28	38	174
29	38	102
30	38	56
1	39	22
2	39	111
3	39	121
4	39	14
5	39	33
6	39	85
7	39	65
8	39	100
9	39	99
10	39	165
11	39	104
12	39	171
13	39	80
14	39	101
15	39	88
16	39	98
17	39	126
18	39	62
19	39	154
20	39	36
21	39	68
22	39	131
23	39	63
24	39	191
25	39	41
26	39	61
27	39	81
28	39	52
29	39	150
30	39	107
1	40	82
2	40	45
3	40	73
4	40	77
5	40	99
6	40	59
7	40	17
8	40	38
9	40	88
10	40	119
11	40	75
12	40	102
13	40	62
14	40	55
15	40	33
16	40	100
17	40	70
18	40	126
19	40	91
20	40	39
21	40	54
22	40	69
23	40	12
24	40	123
25	40	91
26	40	39
27	40	66
28	40	96
29	40	84
30	40	58
1	41	97
2	41	99
3	41	140
4	41	115
5	41	134
6	41	16
7	41	89
8	41	101
9	41	26
10	41	184
11	41	3
12	41	132
13	41	21
14	41	124
15	41	43
16	41	170
17	41	132
18	41	163
19	41	141
20	41	67
21	41	33
22	41	124
23	41	62
24	41	138
25	41	139
26	41	42
27	41	137
28	41	149
29	41	82
30	41	29
1	42	82
2	42	54
3	42	59
4	42	65
5	42	85
6	42	88
7	42	14
8	42	41
9	42	115
10	42	104
11	42	105
12	42	115
13	42	89
14	42	39
15	42	65
16	42	69
17	42	63
18	42	108
19	42	93
20	42	50
21	42	79
22	42	70
23	42	39
24	42	139
25	42	69
26	42	63
27	42	35
28	42	72
29	42	111
30	42	90
1	43	73
2	43	68
3	43	69
4	43	52
5	43	71
6	43	92
7	43	25
8	43	55
9	43	117
10	43	114
11	43	110
12	43	129
13	43	92
14	43	50
15	43	73
16	43	63
17	43	76
18	43	94
19	43	107
20	43	48
21	43	80
22	43	84
23	43	46
24	43	154
25	43	55
26	43	66
27	43	34
28	43	58
29	43	123
30	43	98
1	44	62
2	44	110
3	44	143
4	44	85
5	44	101
6	44	27
7	44	83
8	44	107
9	44	28
10	44	189
11	44	39
12	44	155
13	44	18
14	44	124
15	44	56
16	44	155
17	44	139
18	44	129
19	44	156
20	44	45
21	44	16
22	44	135
23	44	57
24	44	167
25	44	111
26	44	30
27	44	126
28	44	122
29	44	113
30	44	59
1	45	42
2	45	92
3	45	117
4	45	54
5	45	74
6	45	45
7	45	54
8	45	85
9	45	62
10	45	163
11	45	64
12	45	146
13	45	40
14	45	97
15	45	52
16	45	120
17	45	116
18	45	103
19	45	139
20	45	11
21	45	28
22	45	116
23	45	36
24	45	163
25	45	79
26	45	22
27	45	93
28	45	89
29	45	115
30	45	68
1	46	84
2	46	73
3	46	111
4	46	94
5	46	115
6	46	19
7	46	58
8	46	73
9	46	49
10	46	156
11	46	34
12	46	115
13	46	25
14	46	94
15	46	16
16	46	140
17	46	105
18	46	144
19	46	118
20	46	44
21	46	24
22	46	98
23	46	31
24	46	127
25	46	115
26	46	20
27	46	106
28	46	124
29	46	75
30	46	26
1	47	188
2	47	120
3	47	74
4	47	159
5	47	170
6	47	199
7	47	124
8	47	112
9	47	228
10	47	53
11	47	214
12	47	147
13	47	202
14	47	87
15	47	169
16	47	74
17	47	88
18	47	177
19	47	106
20	47	165
21	47	193
22	47	104
23	47	151
24	47	174
25	47	144
26	47	178
27	47	84
28	47	136
29	47	183
30	47	191
1	48	172
2	48	48
3	48	73
4	48	165
5	48	186
6	48	121
7	48	94
8	48	61
9	48	149
10	48	90
11	48	125
12	48	13
13	48	129
14	48	77
15	48	88
16	48	147
17	48	57
18	48	211
19	48	33
20	48	128
21	48	129
22	48	39
23	48	99
24	48	39
25	48	172
26	48	118
27	48	116
28	48	174
29	48	54
30	48	94
1	49	116
2	49	44
3	49	89
4	49	118
5	49	140
6	49	55
7	49	58
8	49	51
9	49	83
10	49	129
11	49	60
12	49	76
13	49	63
14	49	77
15	49	23
16	49	138
17	49	78
18	49	168
19	49	83
20	49	72
21	49	63
22	49	67
23	49	44
24	49	89
25	49	134
26	49	55
27	49	103
28	49	139
29	49	42
30	49	31
1	50	129
2	50	82
3	50	45
4	50	101
5	50	114
6	50	145
7	50	70
8	50	69
9	50	173
10	50	70
11	50	162
12	50	130
13	50	147
14	50	43
15	50	119
16	50	31
17	50	61
18	50	126
19	50	93
20	50	107
21	50	137
22	50	78
23	50	97
24	50	158
25	50	89
26	50	122
27	50	25
28	50	83
29	50	149
30	50	143
1	51	194
2	51	76
3	51	105
4	51	190
5	51	212
6	51	132
7	51	121
8	51	90
9	51	157
10	51	117
11	51	131
12	51	21
13	51	141
14	51	108
15	51	103
16	51	178
17	51	88
18	51	238
19	51	61
20	51	150
21	51	143
22	51	71
23	51	120
24	51	9
25	51	200
26	51	135
27	51	147
28	51	202
29	51	50
30	51	102
1	52	60
2	52	80
3	52	83
4	52	39
5	52	58
6	52	90
7	52	34
8	52	67
9	52	113
10	52	126
11	52	110
12	52	141
13	52	89
14	52	64
15	52	77
16	52	68
17	52	89
18	52	82
19	52	120
20	52	42
21	52	77
22	52	97
23	52	49
24	52	165
25	52	44
26	52	64
27	52	43
28	52	49
29	52	131
30	52	101
1	53	117
2	53	37
3	53	83
4	53	117
5	53	139
6	53	60
7	53	55
8	53	45
9	53	89
10	53	122
11	53	66
12	53	72
13	53	68
14	53	71
15	53	26
16	53	134
17	53	71
18	53	167
19	53	77
20	53	73
21	53	67
22	53	60
23	53	44
24	53	86
25	53	132
26	53	58
27	53	98
28	53	137
29	53	43
30	53	37
1	54	161
2	54	66
3	54	109
4	54	163
5	54	185
6	54	90
7	54	100
8	54	79
9	54	113
10	54	137
11	54	87
12	54	53
13	54	100
14	54	104
15	54	66
16	54	173
17	54	94
18	54	213
19	54	81
20	54	117
21	54	104
22	54	77
23	54	90
24	54	51
25	54	178
26	54	98
27	54	138
28	54	183
29	54	5
30	54	59
1	55	28
2	55	100
3	55	120
4	55	41
5	55	59
6	55	59
7	55	58
8	55	92
9	55	73
10	55	166
11	55	78
12	55	157
13	55	54
14	55	100
15	55	66
16	55	114
17	55	121
18	55	88
19	55	146
20	55	16
21	55	41
22	55	123
23	55	46
24	55	175
25	55	66
26	55	36
27	55	90
28	55	77
29	55	129
30	55	83
1	56	52
2	56	117
3	56	114
4	56	20
5	56	26
6	56	115
7	56	72
8	56	104
9	56	131
10	56	154
11	56	134
12	56	178
13	56	111
14	56	97
15	56	110
16	56	72
17	56	123
18	56	45
19	56	155
20	56	63
21	56	98
22	56	133
23	56	82
24	56	202
25	56	8
26	56	89
27	56	66
28	56	18
29	56	168
30	56	132
1	57	42
2	57	85
3	57	103
4	57	42
5	57	63
6	57	60
7	57	41
8	57	76
9	57	80
10	57	149
11	57	79
12	57	143
13	57	57
14	57	83
15	57	57
16	57	102
17	57	105
18	57	92
19	57	130
20	57	8
21	57	44
22	57	107
23	57	32
24	57	162
25	57	63
26	57	34
27	57	75
28	57	72
29	57	119
30	57	78
1	58	167
2	58	42
3	58	69
4	58	159
5	58	180
6	58	117
7	58	89
8	58	55
9	58	145
10	58	88
11	58	121
12	58	18
13	58	125
14	58	72
15	58	83
16	58	142
17	58	52
18	58	205
19	58	31
20	58	123
21	58	124
22	58	35
23	58	93
24	58	44
25	58	167
26	58	113
27	58	111
28	58	168
29	58	53
30	58	91
1	59	173
2	59	47
3	59	69
4	59	164
5	59	185
6	59	125
7	59	94
8	59	59
9	59	153
10	59	84
11	59	129
12	59	15
13	59	133
14	59	74
15	59	91
16	59	143
17	59	52
18	59	210
19	59	26
20	59	130
21	59	131
22	59	35
23	59	100
24	59	43
25	59	171
26	59	120
27	59	113
28	59	172
29	59	60
30	59	98
1	60	93
2	60	111
3	60	91
4	60	61
5	60	66
6	60	139
7	60	75
8	60	97
9	60	161
10	60	123
11	60	158
12	60	169
13	60	138
14	60	79
15	60	124
16	60	30
17	60	104
18	60	73
19	60	138
20	60	90
21	60	126
22	60	118
23	60	96
24	60	195
25	60	40
26	60	113
27	60	40
28	60	31
29	60	172
30	60	149
1	61	139
2	61	64
3	61	109
4	61	144
5	61	166
6	61	66
7	61	86
8	61	74
9	61	88
10	61	144
11	61	63
12	61	72
13	61	75
14	61	100
15	61	44
16	61	165
17	61	96
18	61	194
19	61	92
20	61	96
21	61	79
22	61	81
23	61	71
24	61	76
25	61	161
26	61	75
27	61	129
28	61	167
29	61	20
30	61	34
1	62	80
2	62	55
3	62	61
4	62	63
5	62	83
6	62	87
7	62	13
8	62	42
9	62	113
10	62	106
11	62	104
12	62	116
13	62	88
14	62	41
15	62	64
16	62	69
17	62	65
18	62	107
19	62	94
20	62	49
21	62	77
22	62	72
23	62	39
24	62	140
25	62	68
26	62	62
27	62	36
28	62	71
29	62	111
30	62	89
1	63	116
2	63	39
3	63	25
4	63	97
5	63	115
6	63	109
7	63	37
8	63	26
9	63	138
10	63	72
11	63	124
12	63	93
13	63	113
14	63	6
15	63	79
16	63	68
17	63	31
18	63	136
19	63	64
20	63	81
21	63	104
22	63	43
23	63	62
24	63	120
25	63	96
26	63	89
27	63	35
28	63	96
29	63	105
30	63	102
1	64	157
2	64	47
3	64	18
4	64	139
5	64	157
6	64	138
7	64	76
8	64	46
9	64	168
10	64	37
11	64	149
12	64	70
13	64	144
14	64	36
15	64	104
16	64	93
17	64	14
18	64	177
19	64	31
20	64	120
21	64	137
22	64	26
23	64	96
24	64	99
25	64	137
26	64	123
27	64	70
28	64	135
29	64	105
30	64	122
1	65	139
2	65	13
3	65	50
4	65	131
5	65	152
6	65	99
7	65	60
8	65	27
9	65	128
10	65	83
11	65	107
12	65	47
13	65	106
14	65	47
15	65	64
16	65	118
17	65	35
18	65	176
19	65	37
20	65	97
21	65	102
22	65	20
23	65	67
24	65	72
25	65	138
26	65	90
27	65	85
28	65	140
29	65	59
30	65	77
1	66	134
2	66	22
3	66	67
4	66	129
5	66	151
6	66	84
7	66	60
8	66	35
9	66	113
10	66	102
11	66	90
12	66	50
13	66	92
14	66	60
15	66	50
16	66	129
17	66	53
18	66	177
19	66	53
20	66	90
21	66	90
22	66	39
23	66	60
24	66	70
25	66	140
26	66	79
27	66	94
28	66	143
29	66	44
30	66	60
1	67	69
2	67	68
3	67	100
4	67	76
5	67	97
6	67	33
7	67	42
8	67	64
9	67	61
10	67	146
11	67	52
12	67	119
13	67	35
14	67	82
15	67	25
16	67	122
17	67	96
18	67	126
19	67	115
20	67	26
21	67	26
22	67	93
23	67	15
24	67	135
25	67	96
26	67	12
27	67	89
28	67	104
29	67	88
30	67	44
1	68	44
2	68	82
3	68	103
4	68	46
5	68	67
6	68	57
7	68	40
8	68	74
9	68	77
10	68	149
11	68	76
12	68	140
13	68	54
14	68	83
15	68	54
16	68	103
17	68	103
18	68	96
19	68	128
20	68	6
21	68	42
22	68	105
23	68	29
24	68	159
25	68	67
26	68	30
27	68	76
28	68	76
29	68	116
30	68	74
1	69	69
2	69	58
3	69	76
4	69	59
5	69	81
6	69	67
7	69	13
8	69	48
9	69	94
10	69	122
11	69	86
12	69	118
13	69	69
14	69	56
15	69	49
16	69	87
17	69	77
18	69	108
19	69	103
20	69	31
21	69	58
22	69	80
23	69	21
24	69	140
25	69	72
26	69	43
27	69	55
28	69	77
29	69	103
30	69	74
1	70	172
2	70	53
3	70	84
4	70	167
5	70	189
6	70	115
7	70	97
8	70	66
9	70	141
10	70	104
11	70	117
12	70	16
13	70	124
14	70	86
15	70	83
16	70	157
17	70	68
18	70	214
19	70	46
20	70	128
21	70	124
22	70	50
23	70	98
24	70	32
25	70	177
26	70	115
27	70	124
28	70	179
29	70	41
30	70	86
1	71	143
2	71	18
3	71	37
4	71	131
5	71	151
6	71	110
7	71	61
8	71	25
9	71	140
10	71	69
11	71	119
12	71	51
13	71	116
14	71	38
15	71	75
16	71	108
17	71	21
18	71	174
19	71	29
20	71	102
21	71	112
22	71	7
23	71	74
24	71	78
25	71	135
26	71	98
27	71	77
28	71	136
29	71	73
30	71	90
1	72	33
2	72	102
3	72	110
4	72	16
5	72	38
6	72	85
7	72	55
8	72	90
9	72	102
10	72	154
11	72	105
12	72	162
13	72	81
14	72	90
15	72	83
16	72	89
17	72	115
18	72	66
19	72	144
20	72	34
21	72	69
22	72	121
23	72	56
24	72	183
25	72	38
26	72	60
27	72	70
28	72	48
29	72	144
30	72	104
1	73	71
2	73	65
3	73	70
4	73	53
5	73	73
6	73	86
7	73	20
8	73	52
9	73	112
10	73	115
11	73	105
12	73	126
13	73	87
14	73	50
15	73	68
16	73	68
17	73	75
18	73	97
19	73	105
20	73	43
21	73	75
22	73	82
23	73	40
24	73	150
25	73	59
26	73	61
27	73	38
28	73	62
29	73	119
30	73	93
1	74	78
2	74	49
3	74	68
4	74	68
5	74	89
6	74	70
7	74	5
8	74	39
9	74	98
10	74	114
11	74	87
12	74	110
13	74	72
14	74	48
15	74	47
16	74	87
17	74	68
18	74	115
19	74	94
20	74	39
21	74	62
22	74	70
23	74	22
24	74	132
25	74	79
26	74	47
27	74	53
28	74	83
29	74	97
30	74	72
1	75	70
2	75	135
3	75	125
4	75	40
5	75	33
6	75	137
7	75	91
8	75	121
9	75	153
10	75	161
11	75	157
12	75	195
13	75	134
14	75	110
15	75	132
16	75	69
17	75	136
18	75	34
19	75	169
20	75	86
21	75	121
22	75	147
23	75	103
24	75	220
25	75	14
26	75	112
27	75	74
28	75	8
29	75	188
30	75	155
;		

param c:=		
1	1	205.2871149
2	1	27.98557934
3	1	105.2233246
4	1	211.6102004
5	1	261.3823549
6	1	133.2927256
7	1	90.71056759
8	1	46.168943
9	1	203.9691493
10	1	165.5358165
11	1	164.9337064
12	1	119.8280331
13	1	156.7286385
14	1	92.01184724
15	1	88.50796498
16	1	198.9407539
17	1	84.758866
18	1	303.8552187
19	1	103.5984403
20	1	128.6973161
21	1	155.6495997
22	1	67.79685961
23	1	84.81134526
24	1	143.0465507
25	1	223.385019
26	1	138.7595469
27	1	155.2429916
28	1	232.7055088
29	1	102.7968756
30	1	117.1925118
1	2	61.89109772
2	2	41.73915252
3	2	25.17034387
4	2	55.66861884
5	2	57.31692829
6	2	70.51728617
7	2	34.9796911
8	2	33.8780931
9	2	86.98222193
10	2	39.37244444
11	2	74.77340292
12	2	63.76499443
13	2	74.62849009
14	2	22.68005327
15	2	60.973489
16	2	16.96984357
17	2	32.04077234
18	2	59.08874755
19	2	51.40596413
20	2	50.60887145
21	2	72.79325614
22	2	43.84637429
23	2	45.32332015
24	2	80.62751509
25	2	42.87441697
26	2	65.91043226
27	2	13.64544186
28	2	41.24239187
29	2	77.72279825
30	2	75.03681962
1	3	42.91081542
2	3	141.4532621
3	3	168.9241455
4	3	63.41837709
5	3	91.25192081
6	3	66.69817825
7	3	95.09240064
8	3	138.6062287
9	3	70.62717786
10	3	218.9205945
11	3	83.23982451
12	3	202.4924738
13	3	61.09685009
14	3	126.2389342
15	3	85.60531164
16	3	165.5245443
17	3	166.4562459
18	3	129.8665527
19	3	203.9103301
20	3	41.70464515
21	3	41.24869971
22	3	167.7306374
23	3	63.74676878
24	3	234.9034789
25	3	94.39710427
26	3	43.84004807
27	3	119.1869404
28	3	114.7944186
29	3	152.3422869
30	3	90.17057779
1	4	51.20116432
2	4	20.98778274
3	4	33.04631566
4	4	44.67285316
5	4	53.19268013
6	4	38.38620601
7	4	8.476301254
8	4	16.09537867
9	4	54.79738007
10	4	54.02078969
11	4	40.51411171
12	4	49.42278522
13	4	36.27171171
14	4	22.75652195
15	4	24.41836388
16	4	45.31921433
17	4	32.96601726
18	4	70.59670101
19	4	43.92961395
20	4	25.28090993
21	4	32.83017738
22	4	32.42753649
23	4	13.41353367
24	4	66.34281602
25	4	50.99918801
26	4	29.95497975
27	4	30.7435209
28	4	52.72631987
29	4	48.59681673
30	4	33.69407694
1	5	96.4257166
2	5	183.2737344
3	5	244.8533597
4	5	124.1448919
5	5	140.6063875
6	5	58.09052284
7	5	137.694315
8	5	187.8360695
9	5	47.47491424
10	5	281.6873999
11	5	76.73001594
12	5	229.7577339
13	5	40.45890049
14	5	190.8547373
15	5	109.747778
16	5	226.1813505
17	5	216.2337839
18	5	188.205743
19	5	226.6100905
20	5	74.59030369
21	5	46.43950079
22	5	198.1613374
23	5	109.624706
24	5	267.6443133
25	5	187.704509
26	5	61.80287812
27	5	190.6975302
28	5	206.2621506
29	5	181.3156561
30	5	104.8253609
1	6	116.0439954
2	6	139.061189
3	6	175.0365602
4	6	147.3743657
5	6	172.3751797
6	6	43.67089968
7	6	112.6366596
8	6	120.826556
9	6	30.86943829
10	6	200.8573234
11	6	20.90573005
12	6	160.6106477
13	6	38.96380734
14	6	152.2560325
15	6	70.33642099
16	6	205.0513162
17	6	155.646908
18	6	206.5085131
19	6	159.8885434
20	6	85.28478774
21	6	52.04007749
22	6	140.1294648
23	6	84.74922356
24	6	168.6161211
25	6	157.1255045
26	6	64.97585097
27	6	186.9515199
28	6	187.6668583
29	6	103.1158661
30	6	53.64932575
1	7	72.337278
2	7	54.9654615
3	7	78.50517938
4	7	65.19605371
5	7	97.5141848
6	7	55.52773059
7	7	21.7435204
8	7	44.91843322
9	7	83.10279595
10	7	120.0592568
11	7	75.00769383
12	7	118.4594257
13	7	64.72028952
14	7	62.69470947
15	7	38.6190734
16	7	100.2948447
17	7	70.92784892
18	7	117.2303371
19	7	106.8578037
20	7	37.00920147
21	7	51.68491613
22	7	69.60192169
23	7	15.52894549
24	7	130.0541557
25	7	84.55573473
26	7	40.4807607
27	7	66.66357164
28	7	88.83638929
29	7	93.91058476
30	7	67.3402839
1	8	52.32312667
2	8	120.9657192
3	8	104.33062
4	8	31.63684209
5	8	22.98578576
6	8	102.4687992
7	8	83.27840812
8	8	99.88893691
9	8	125.5415043
10	8	127.7631541
11	8	129.2561488
12	8	144.2299967
13	8	102.4450616
14	8	90.76914177
15	8	97.10536881
16	8	67.09793207
17	8	108.0263298
18	8	22.35576301
19	8	140.3612646
20	8	64.66043971
21	8	102.3569278
22	8	122.6171974
23	8	85.94589953
24	8	179.7888423
25	8	19.96813424
26	8	87.07011102
27	8	69.69069606
28	8	16.33416176
29	8	145.8482202
30	8	119.8648108
1	9	140.4882552
2	9	46.10638952
3	9	26.26848507
4	9	142.4948438
5	9	154.7212825
6	9	123.6633938
7	9	72.97630049
8	9	50.6172545
9	9	147.7016611
10	9	43.48987937
11	9	156.0628516
12	9	62.24630103
13	9	144.3894272
14	9	43.38010512
15	9	93.77658956
16	9	98.87757581
17	9	15.66186441
18	9	172.063191
19	9	32.90250453
20	9	114.297752
21	9	141.7112476
22	9	29.01111725
23	9	94.97925178
24	9	95.91888771
25	9	144.0596739
26	9	119.5147817
27	9	71.57145912
28	9	132.861598
29	9	92.66853702
30	9	108.9615985
1	10	140.7251301
2	10	19.11752889
3	10	64.24953634
4	10	133.2317952
5	10	149.9970681
6	10	101.7196305
7	10	63.91428731
8	10	29.89833385
9	10	124.6912572
10	10	108.2425446
11	10	109.8069361
12	10	70.39560829
13	10	97.77009141
14	10	58.70737673
15	10	56.48920089
16	10	123.5277865
17	10	54.76533608
18	10	173.5190838
19	10	54.63678932
20	10	106.7719825
21	10	104.6543596
22	10	39.3814967
23	10	67.75219249
24	10	86.81283794
25	10	139.118985
26	10	83.07396898
27	10	95.40091949
28	10	158.3742547
29	10	61.57597302
30	10	78.20346212
1	11	112.4471376
2	11	77.63404721
3	11	93.1431045
4	11	100.6095621
5	11	122.9111645
6	11	126.7724764
7	11	15.03304171
8	11	65.35033432
9	11	148.6467931
10	11	173.3549206
11	11	138.1778614
12	11	167.4904567
13	11	117.2164079
14	11	68.17174195
15	11	88.40838892
16	11	109.6453217
17	11	94.64844677
18	11	161.2234827
19	11	137.7105127
20	11	65.7765913
21	11	117.2565923
22	11	102.4265107
23	11	54.6666637
24	11	208.3135302
25	11	107.7251371
26	11	85.51957474
27	11	65.67851417
28	11	122.2949588
29	11	146.1043955
30	11	116.57267
1	12	171.5785197
2	12	35.38154494
3	12	101.1908617
4	12	138.5712275
5	12	169.3983139
6	12	89.90777245
7	12	72.51843195
8	12	44.58386947
9	12	121.5778642
10	12	143.815385
11	12	110.2369151
12	12	78.99254052
13	12	105.1275936
14	12	78.73661159
15	12	54.95318705
16	12	159.0802706
17	12	83.7371651
18	12	223.0788485
19	12	85.19063704
20	12	105.8102786
21	12	94.81145939
22	12	66.79237084
23	12	68.30133979
24	12	100.3722084
25	12	173.8609371
26	12	79.06897323
27	12	119.9416185
28	12	165.8659417
29	12	61.82103836
30	12	74.1369026
1	13	128.9060039
2	13	80.7826664
3	13	47.54075419
4	13	102.6845454
5	13	113.4715376
6	13	143.1888607
7	13	73.74888553
8	13	74.66749733
9	13	166.2553143
10	13	57.63266037
11	13	138.7487741
12	13	107.9152082
13	13	149.0811872
14	13	50.83551528
15	13	116.1029519
16	13	29.53417741
17	13	62.05184934
18	13	102.1861301
19	13	87.25953865
20	13	111.6558964
21	13	123.1422429
22	13	80.20394925
23	13	96.58873576
24	13	134.4080873
25	13	81.44018544
26	13	125.4617583
27	13	35.51966743
28	13	76.78238365
29	13	135.0863926
30	13	120.6678254
1	14	86.33215526
2	14	175.5288555
3	14	169.5629563
4	14	62.45483427
5	14	44.79516855
6	14	199.31789
7	14	144.284369
8	14	168.5623169
9	14	219.3969787
10	14	227.6029394
11	14	213.2404016
12	14	277.1238698
13	14	192.994042
14	14	175.1695048
15	14	186.9588351
16	14	117.8325457
17	14	192.361252
18	14	26.12884508
19	14	229.0491672
20	14	131.7331942
21	14	170.9294177
22	14	223.0434379
23	14	153.1396299
24	14	281.5857481
25	14	40.07245298
26	14	147.5795485
27	14	110.7276709
28	14	43.28877395
29	14	237.5610836
30	14	229.3464703
1	15	73.45235766
2	15	34.04736259
3	15	57.55967368
4	15	81.13366014
5	15	93.57134618
6	15	43.47443151
7	15	31.41176294
8	15	34.56949546
9	15	64.33247841
10	15	87.0596433
11	15	58.75499484
12	15	73.5431877
13	15	45.61530887
14	15	46.31311264
15	15	19.98756306
16	15	88.28039873
17	15	50.73335724
18	15	104.6943776
19	15	67.70989238
20	15	41.71343717
21	15	46.31290088
22	15	49.28298298
23	15	23.52534532
24	15	87.79421636
25	15	95.15157608
26	15	38.74041339
27	15	68.70795191
28	15	98.65129026
29	15	53.90545787
30	15	33.37748041
1	16	203.1498669
2	16	144.5310883
3	16	122.5148446
4	16	135.5691123
5	16	176.8935542
6	16	219.2926949
7	16	62.91433316
8	16	112.3170084
9	16	294.7296414
10	16	219.5180641
11	16	241.8114846
12	16	276.9393617
13	16	209.9588636
14	16	97.38127618
15	16	151.1038015
16	16	146.6191431
17	16	158.709575
18	16	256.6133615
19	16	228.1085911
20	16	142.9818484
21	16	209.2917695
22	16	158.8369194
23	16	125.102297
24	16	347.0968255
25	16	137.6699117
26	16	156.5905574
27	16	70.86300915
28	16	149.7078094
29	16	239.8497491
30	16	238.8316182
1	17	213.6399752
2	17	72.28931085
3	17	128.5911102
4	17	201.3747068
5	17	212.5299033
6	17	130.2578139
7	17	106.606043
8	17	82.08700432
9	17	148.8974779
10	17	164.9117206
11	17	108.2594792
12	17	61.72949488
13	17	123.5490381
14	17	124.2972493
15	17	76.91069884
16	17	196.4197892
17	17	108.5379497
18	17	275.6897375
19	17	78.87648968
20	17	135.4622778
21	17	127.1220196
22	17	84.06534143
23	17	100.0505379
24	17	73.3244672
25	17	209.1070537
26	17	118.0398807
27	17	164.8125121
28	17	237.0251953
29	17	30.36816538
30	17	74.74345363
1	18	146.9200778
2	18	64.30134521
3	18	75.30508995
4	18	138.4079617
5	18	154.6248763
6	18	98.18001602
7	18	95.1494049
8	18	67.05288178
9	18	123.4044549
10	18	77.86104501
11	18	96.07288297
12	18	22.48116829
13	18	97.28563497
14	18	80.98397688
15	18	82.39855933
16	18	129.9869949
17	18	75.35166281
18	18	185.7726495
19	18	49.49131373
20	18	107.2050118
21	18	102.2542227
22	18	57.76157291
23	18	100.1758454
24	18	9.526836168
25	18	152.2366719
26	18	101.4911694
27	18	108.8274582
28	18	134.0873828
29	18	48.32232819
30	18	80.94128714
1	19	56.59506127
2	19	107.6136321
3	19	130.2556584
4	19	47.61584445
5	19	74.93204043
6	19	94.26521017
7	19	49.77864301
8	19	86.966957
9	19	117.0059412
10	19	178.9343721
11	19	124.705743
12	19	173.4986621
13	19	84.78165133
14	19	95.57706211
15	19	77.46788153
16	19	106.6061233
17	19	114.2303443
18	19	118.2342775
19	19	143.0004348
20	19	33.34596831
21	19	72.2894871
22	19	138.3769462
23	19	56.35239408
24	19	215.1501962
25	19	66.83996128
26	19	66.2435423
27	19	70.61373
28	19	75.46345816
29	19	151.6782377
30	19	117.8719669
1	20	233.8337992
2	20	59.36781151
3	20	54.52977285
4	20	193.0449031
5	20	254.90502
6	20	218.4158172
7	20	71.48649812
8	20	42.84908726
9	20	246.3627821
10	20	153.5654389
11	20	221.9838659
12	20	165.77813
13	20	207.0756963
14	20	27.299408
15	20	156.8576322
16	20	158.5078765
17	20	56.75675864
18	20	258.8173529
19	20	119.1874836
20	20	144.5090367
21	20	178.8938606
22	20	67.4171742
23	20	123.2664212
24	20	210.1159915
25	20	188.3780518
26	20	152.4912571
27	20	83.50392849
28	20	198.8506407
29	20	172.7361944
30	20	190.1631136
1	21	257.5943174
2	21	169.2237859
3	21	105.6581217
4	21	205.7373525
5	21	228.2591955
6	21	281.4429954
7	21	158.2152987
8	21	167.1909066
9	21	294.3444522
10	21	99.04798011
11	21	308.0998134
12	21	191.9783354
13	21	295.593706
14	21	119.161082
15	21	208.4145746
16	21	86.7948812
17	21	131.5742458
18	21	221.3852211
19	21	171.8418908
20	21	206.9818148
21	21	238.2156451
22	21	141.4358487
23	21	210.1915969
24	21	239.368871
25	21	187.551331
26	21	250.8614493
27	21	105.4500752
28	21	176.7125525
29	21	241.377697
30	21	268.0714982
1	22	79.99566722
2	22	28.62200855
3	22	18.83834303
4	22	66.17804881
5	22	78.14447339
6	22	77.1150866
7	22	29.39913389
8	22	19.87955679
9	22	86.24399353
10	22	46.6207018
11	22	87.05724234
12	22	67.71446428
13	22	69.85702316
14	22	7.045877001
15	22	50.77646022
16	22	47.83482235
17	22	22.84852034
18	22	95.84749226
19	22	48.28092621
20	22	58.63566591
21	22	73.77710908
22	22	34.28902719
23	22	47.23536391
24	22	76.3197076
25	22	66.9559414
26	22	57.10992215
27	22	24.79198873
28	22	63.25470232
29	22	66.21565836
30	22	67.68074512
1	23	172.3200157
2	23	246.6571941
3	23	213.4806538
4	23	102.7643183
5	23	95.40913939
6	23	246.1408566
7	23	166.6103537
8	23	210.705591
9	23	313.1716227
10	23	266.0164203
11	23	321.5463912
12	23	327.93027
13	23	248.5592779
14	23	214.5724026
15	23	266.7399673
16	23	115.2175124
17	23	221.3843237
18	23	93.69889405
19	23	275.5883435
20	23	165.956522
21	23	244.761595
22	23	275.0281853
23	23	198.4400793
24	23	407.476333
25	23	55.62661536
26	23	230.2793915
27	23	130.5389685
28	23	41.86618001
29	23	359.2411277
30	23	290.2813704
1	24	384.9030916
2	24	138.1953252
3	24	79.63100097
4	24	312.5323099
5	24	322.5872844
6	24	295.3694923
7	24	215.015338
8	24	130.4356413
9	24	405.5463276
10	24	54.94477564
11	24	370.0972319
12	24	165.3125706
13	24	306.6055776
14	24	112.7603293
15	24	249.391944
16	24	206.927419
17	24	64.59085763
18	24	386.0695668
19	24	71.13111018
20	24	293.723117
21	24	291.6057149
22	24	91.33808158
23	24	219.9770038
24	24	216.2459887
25	24	309.6841379
26	24	277.9047693
27	24	190.2028937
28	24	322.9999619
29	24	264.8377794
30	24	269.0684151
1	25	152.3880929
2	25	42.61754718
3	25	62.90273971
4	25	147.5604036
5	25	171.8714418
6	25	110.1303432
7	25	85.6376217
8	25	49.06143516
9	25	133.568023
10	25	75.50269718
11	25	130.1254262
12	25	28.35062826
13	25	128.4638146
14	25	72.73859429
15	25	84.08511428
16	25	134.0602686
17	25	48.98356206
18	25	189.7097283
19	25	32.02649714
20	25	107.2341717
21	25	117.3383524
22	25	35.33180926
23	25	88.74002375
24	25	53.98968073
25	25	144.9983572
26	25	121.1040125
27	25	100.1418003
28	25	168.5003358
29	25	58.38957261
30	25	85.07781436
1	26	188.4586765
2	26	247.8682543
3	26	227.2807407
4	26	120.2840623
5	26	115.0652
6	26	294.7384713
7	26	163.51406
8	26	234.7248738
9	26	357.3666154
10	26	273.6819797
11	26	320.4866943
12	26	391.3741071
13	26	303.0061674
14	26	185.4229889
15	26	242.5383309
16	26	110.8840497
17	26	251.4215851
18	26	129.6686005
19	26	321.0786082
20	26	190.8491674
21	26	251.7209663
22	26	281.2260307
23	26	223.3681428
24	26	393.9252358
25	26	57.5456902
26	26	250.4227399
27	26	125.4516021
28	26	41.1560141
29	26	341.7451915
30	26	285.3108
1	27	125.8403515
2	27	16.45512581
3	27	55.63752015
4	27	122.4565682
5	27	138.4341102
6	27	99.23389831
7	27	47.02485069
8	27	10.04246513
9	27	142.1087698
10	27	94.65556847
11	27	119.3278884
12	27	92.84770732
13	27	100.4967133
14	27	38.42780138
15	27	59.70733275
16	27	114.4177262
17	27	40.91173364
18	27	158.6166028
19	27	60.83282881
20	27	83.63823147
21	27	94.03566205
22	27	37.75764896
23	27	63.42732837
24	27	105.6013991
25	27	140.6212324
26	27	87.03338305
27	27	77.41430708
28	27	122.1920788
29	27	79.9097489
30	27	86.32778016
1	28	189.7087477
2	28	103.6639646
3	28	44.93831909
4	28	161.2280408
5	28	193.3795213
6	28	193.7651262
7	28	87.47222984
8	28	75.50625125
9	28	248.6690496
10	28	86.88884227
11	28	229.8549247
12	28	158.5454166
13	28	222.2534293
14	28	40.8467925
15	28	164.0097155
16	28	83.27251542
17	28	73.76520691
18	28	201.9020701
19	28	122.482861
20	28	158.4724012
21	28	194.9259676
22	28	93.49477969
23	28	121.8017478
24	28	195.061655
25	28	154.9953908
26	28	184.2805779
27	28	49.35294297
28	28	135.6099942
29	28	210.5762278
30	28	186.2107464
1	29	45.99346158
2	29	38.29209967
3	29	38.63975014
4	29	29.42443449
5	29	40.32790438
6	29	58.92158255
7	29	19.04799667
8	29	36.23924249
9	29	65.44525515
10	29	69.25085728
11	29	71.88010876
12	29	67.66713506
13	29	57.54496337
14	29	27.72099188
15	29	45.98525898
16	29	34.15724325
17	29	42.46988617
18	29	50.1737598
19	29	55.61691553
20	29	33.44481689
21	29	45.46405685
22	29	53.83123126
23	29	30.91223704
24	29	80.62643887
25	29	33.24760067
26	29	43.80635838
27	29	19.84501184
28	29	35.20944411
29	29	72.62756005
30	29	54.82228583
1	30	176.7435448
2	30	60.2396441
3	30	44.09943842
4	30	162.6600369
5	30	179.3239424
6	30	133.0244206
7	30	100.4064449
8	30	59.02122641
9	30	158.4366846
10	30	48.08583924
11	30	139.7133912
12	30	54.27173265
13	30	158.7223579
14	30	65.03478482
15	30	120.6880579
16	30	118.3551937
17	30	37.84974248
18	30	216.1720346
19	30	18.03674812
20	30	131.5064119
21	30	138.6256417
22	30	37.33993406
23	30	114.2887479
24	30	84.46120874
25	30	168.8757148
26	30	134.5008864
27	30	101.9433283
28	30	166.3984379
29	30	103.3681233
30	30	125.7059257
1	31	139.2834759
2	31	58.44400042
3	31	106.5804235
4	31	130.0575039
5	31	151.1488506
6	31	67.59722136
7	31	79.6309101
8	31	69.15789255
9	31	95.92919588
10	31	147.9578768
11	31	72.97529644
12	31	82.18067441
13	31	74.38813244
14	31	81.20460119
15	31	35.77974094
16	31	145.1870821
17	31	82.66748709
18	31	187.4751507
19	31	96.23937045
20	31	89.89802733
21	31	69.97164831
22	31	70.64888471
23	31	62.4834806
24	31	76.89488305
25	31	141.5359304
26	31	69.2478969
27	31	119.9416969
28	31	142.3972655
29	31	32.90173236
30	31	38.85653421
1	32	43.46353291
2	32	79.62628209
3	32	79.50849583
4	32	24.66943888
5	32	37.05127904
6	32	82.73797368
7	32	44.71929194
8	32	74.46899976
9	32	102.6878678
10	32	116.4007877
11	32	94.983462
12	32	129.9545678
13	32	84.96399872
14	32	67.07746382
15	32	81.53418358
16	32	46.47167226
17	32	89.54381739
18	32	51.21858206
19	32	98.03327731
20	32	46.52852221
21	32	73.62161527
22	32	92.20388025
23	32	58.51684438
24	32	133.2266661
25	32	23.1962547
26	32	60.07015318
27	32	36.72221971
28	32	22.82251929
29	32	106.7983207
30	32	90.5609167
1	33	334.2549202
2	33	93.4999984
3	33	173.3766345
4	33	367.4018465
5	33	420.4615628
6	33	232.6817132
7	33	192.0401859
8	33	113.5759006
9	33	324.6431953
10	33	199.4429413
11	33	249.1209588
12	33	70.64491411
13	33	259.7651384
14	33	168.8377436
15	33	186.9917668
16	33	299.2837361
17	33	132.9584442
18	33	409.423089
19	33	87.43767598
20	33	286.6817511
21	33	247.0467553
22	33	75.89411551
23	33	181.8588002
24	33	122.8050564
25	33	347.4500267
26	33	236.113804
27	33	234.3540562
28	33	344.5346574
29	33	113.9499679
30	33	183.7300751
1	34	171.043179
2	34	205.3896792
3	34	167.4940562
4	34	109.8410703
5	34	153.3654567
6	34	266.6880502
7	34	121.0388861
8	34	185.028202
9	34	290.9455387
10	34	244.8387395
11	34	273.2981497
12	34	337.2429026
13	34	252.0677925
14	34	128.1910288
15	34	205.1527546
16	34	79.52867216
17	34	186.4557004
18	34	171.0424046
19	34	280.6680938
20	34	165.0660425
21	34	240.1645644
22	34	206.7215765
23	34	168.1524713
24	34	351.9894037
25	34	89.39646675
26	34	188.1206974
27	34	61.82523052
28	34	89.88540535
29	34	314.0485467
30	34	278.5463433
1	35	75.40876068
2	35	284.2229187
3	35	306.6708414
4	35	41.95250292
5	35	47.40350627
6	35	241.6470812
7	35	216.1022106
8	35	269.3531047
9	35	260.9945096
10	35	435.2390578
11	35	296.8414732
12	35	435.002512
13	35	226.4796945
14	35	270.3699628
15	35	260.9432031
16	35	241.8138013
17	35	342.5452308
18	35	118.0858077
19	35	414.9925222
20	35	153.3473764
21	35	215.1351776
22	35	343.1828721
23	35	183.4404329
24	35	529.7441434
25	35	89.20481399
26	35	210.9244943
27	35	207.8471591
28	35	107.2714953
29	35	412.5989147
30	35	282.6086245
1	36	76.59961857
2	36	98.06696244
3	36	131.1223891
4	36	91.95467267
5	36	105.4589068
6	36	28.27361733
7	36	74.96972043
8	36	104.5158854
9	36	10.64369641
10	36	147.2566277
11	36	19.05935577
12	36	129.6934143
13	36	23.16193504
14	36	118.5786948
15	36	54.01769612
16	36	128.5272045
17	36	117.1086671
18	36	132.4572939
19	36	122.7668866
20	36	58.15168295
21	36	36.81124377
22	36	105.6661943
23	36	57.79414848
24	36	116.7221045
25	36	125.0847538
26	36	44.95541946
27	36	121.4691256
28	36	120.6561131
29	36	85.69416829
30	36	38.3218759
1	37	145.935991
2	37	52.56705013
3	37	13.44810846
4	37	105.2518163
5	37	139.0144828
6	37	122.647477
7	37	59.28355613
8	37	40.74309423
9	37	170.7093645
10	37	54.89059242
11	37	153.2353052
12	37	90.77697909
13	37	139.9149066
14	37	19.34095785
15	37	99.0657605
16	37	72.00003382
17	37	27.95901733
18	37	135.7086759
19	37	61.14527918
20	37	93.08059805
21	37	134.0749904
22	37	45.04021764
23	37	80.13892104
24	37	123.5934064
25	37	110.2239414
26	37	104.6808473
27	37	47.36810931
28	37	108.8166502
29	37	114.6433538
30	37	123.5935485
1	38	99.16477537
2	38	127.6472448
3	38	152.2040681
4	38	124.8119909
5	38	154.154722
6	38	45.62878021
7	38	112.8318754
8	38	132.8508496
9	38	28.69952328
10	38	204.5667773
11	38	27.12516836
12	38	152.5456007
13	38	49.39962657
14	38	134.8823995
15	38	77.09805927
16	38	171.6215691
17	38	158.578088
18	38	182.3327913
19	38	142.2561792
20	38	81.01987972
21	38	60.06233554
22	38	150.4254577
23	38	92.00090507
24	38	159.133026
25	38	151.7041448
26	38	63.85234099
27	38	157.2943138
28	38	151.3906935
29	38	99.34083243
30	38	51.18186342
1	39	37.6235406
2	39	182.7245638
3	39	199.4972998
4	39	30.01269547
5	39	54.5326695
6	39	131.0971899
7	39	95.12767016
8	39	158.3803219
9	39	152.9264894
10	39	252.7056595
11	39	179.8276
12	39	255.6863532
13	39	123.8967373
14	39	171.6086094
15	39	143.8494359
16	39	161.6256032
17	39	181.6318589
18	39	96.66567599
19	39	220.8828576
20	39	58.66124038
21	39	102.6068156
22	39	192.3381113
23	39	97.15882775
24	39	283.7384902
25	39	65.47277067
26	39	96.68744149
27	39	126.3138623
28	39	77.6506987
29	39	214.654987
30	39	166.2731265
1	40	189.5581798
2	40	97.53473046
3	40	166.6352386
4	40	174.8763509
5	40	229.4241507
6	40	146.0211876
7	40	47.94240014
8	40	85.80183583
9	40	202.2093386
10	40	245.003511
11	40	173.2164412
12	40	242.1420723
13	40	142.7014481
14	40	136.7287687
15	40	84.12467624
16	40	234.7781918
17	40	148.6190507
18	40	279.9207958
19	40	214.712205
20	40	88.13165044
21	40	132.5586291
22	40	174.3377116
23	40	35.56043395
24	40	301.2569245
25	40	223.1467346
26	40	93.65474659
27	40	161.6224732
28	40	224.0436019
29	40	206.146105
30	40	133.3780126
1	41	203.4403569
2	41	188.4332012
3	41	275.9994124
4	41	251.2214193
5	41	284.058646
6	41	43.84727341
7	41	174.5034057
8	41	213.5178541
9	41	64.97718512
10	41	403.710628
11	41	15.55675759
12	41	258.6673102
13	41	51.94885379
14	41	252.2790654
15	41	96.46298362
16	41	374.8369434
17	41	271.1149618
18	41	329.6858537
19	41	302.70538
20	41	129.8421011
21	41	82.46330375
22	41	281.4384819
23	41	127.71626
24	41	277.9990385
25	41	262.5834291
26	41	91.29125285
27	41	269.2986862
28	41	311.6238349
29	41	159.2663861
30	41	70.3998404
1	42	198.6796299
2	42	136.8789973
3	42	165.1103925
4	42	157.2026461
5	42	224.3616322
6	42	201.8959857
7	42	45.07453615
8	42	99.20752143
9	42	278.1050051
10	42	258.5723757
11	42	246.4960912
12	42	261.1842915
13	42	224.4686465
14	42	106.7425995
15	42	148.866189
16	42	178.7334172
17	42	166.8563737
18	42	254.0003974
19	42	223.0625817
20	42	125.2164738
21	42	179.7742722
22	42	164.1676212
23	42	106.0913561
24	42	348.2807142
25	42	169.6002677
26	42	152.0218991
27	42	97.06315626
28	42	164.1563675
29	42	255.7343873
30	42	215.3070469
1	43	115.7655774
2	43	107.4107786
3	43	113.1112374
4	43	83.61090338
5	43	112.2028626
6	43	155.968256
7	43	50.10669465
8	43	100.4521529
9	43	172.8749378
10	43	194.98197
11	43	172.2684401
12	43	196.7986998
13	43	139.136949
14	43	92.20678437
15	43	110.662644
16	43	99.66293667
17	43	124.7109672
18	43	162.0564034
19	43	173.0955602
20	43	79.94098347
21	43	142.7963793
22	43	133.7689942
23	43	75.44287031
24	43	228.6037776
25	43	93.56897646
26	43	118.5667992
27	43	54.94085252
28	43	102.7234884
29	43	187.8448188
30	43	155.1550215
1	44	81.18978386
2	44	128.7250802
3	44	173.8403743
4	44	109.0352665
5	44	125.7725886
6	44	35.52429985
7	44	102.9648116
8	44	147.5804214
9	44	41.1885777
10	44	229.492052
11	44	57.83037152
12	44	185.806886
13	44	29.06503405
14	44	152.1574618
15	44	72.42414866
16	44	194.8681441
17	44	163.0675007
18	44	155.7219813
19	44	207.9348366
20	44	55.84218061
21	44	23.97885836
22	44	178.4696895
23	44	71.8352044
24	44	208.5036887
25	44	137.3650632
26	44	41.46334281
27	44	146.1222776
28	44	138.9943559
29	44	145.4277983
30	44	80.84261107
1	45	73.70775723
2	45	136.9321385
3	45	173.05975
4	45	86.99124189
5	45	114.3014573
6	45	70.836226
7	45	97.40842452
8	45	134.8142742
9	45	95.54388366
10	45	240.1827532
11	45	116.990405
12	45	255.5604327
13	45	76.11325948
14	45	169.0060066
15	45	82.97643984
16	45	189.1486052
17	45	203.7877091
18	45	156.6365534
19	45	230.3527842
20	45	24.39800607
21	45	49.85360076
22	45	206.2776082
23	45	65.52103849
24	45	277.7329965
25	45	131.831168
26	45	38.96867777
27	45	152.8923002
28	45	158.2559813
29	45	196.2517847
30	45	117.5137614
1	46	159.2073148
2	46	141.2479687
3	46	193.2397611
4	46	186.769691
5	46	216.731863
6	46	43.44076445
7	46	114.7619183
8	46	156.1928321
9	46	94.39042389
10	46	277.6611506
11	46	77.94162905
12	46	233.6258735
13	46	52.77454292
14	46	188.3228992
15	46	35.40468646
16	46	287.4429815
17	46	185.8832381
18	46	250.4286804
19	46	209.8724915
20	46	84.70588005
21	46	57.09382602
22	46	195.9803706
23	46	71.60582318
24	46	261.8776147
25	46	237.4217693
26	46	49.32974409
27	46	225.0684291
28	46	235.8120951
29	46	148.2964906
30	46	56.39557267
1	47	253.5066581
2	47	182.3555238
3	47	108.7224483
4	47	254.7368919
5	47	229.5912938
6	47	274.940877
7	47	195.3089819
8	47	154.1777069
9	47	325.7686589
10	47	90.94932857
11	47	305.4675728
12	47	200.4841997
13	47	281.2635363
14	47	124.8222037
15	47	231.6075072
16	47	112.8829953
17	47	128.6076839
18	47	264.8669159
19	47	155.5094309
20	47	268.7629914
21	47	288.9546974
22	47	151.1467494
23	47	228.0962946
24	47	277.0935544
25	47	212.5802774
26	47	264.3159636
27	47	135.9624239
28	47	193.5640074
29	47	260.4486705
30	47	306.5823815
1	48	376.6457874
2	48	102.0907082
3	48	168.2316176
4	48	333.1834387
5	48	435.5190979
6	48	246.3542099
7	48	218.1184671
8	48	151.6213546
9	48	311.0827927
10	48	196.4835
11	48	281.6931841
12	48	34.37348781
13	48	287.170054
14	48	162.747893
15	48	188.7053037
16	48	329.3743116
17	48	131.223744
18	48	437.7209179
19	48	74.05374163
20	48	275.5992011
21	48	305.1845482
22	48	84.92285403
23	48	229.1531718
24	48	95.30468693
25	48	342.7632768
26	48	280.9214043
27	48	238.9564413
28	48	400.3309733
29	48	130.1473514
30	48	226.7655163
1	49	115.0904379
2	49	48.4947688
3	49	99.59115035
4	49	120.7897697
5	49	156.8918352
6	49	69.2618185
7	49	64.24542279
8	49	57.80713865
9	49	91.37004074
10	49	134.8941676
11	49	65.85301797
12	49	87.86921561
13	49	73.66910534
14	49	91.1843685
15	49	26.58463222
16	49	145.0036975
17	49	79.12683767
18	49	195.830242
19	49	96.99906866
20	49	84.29844236
21	49	65.91820112
22	49	70.27972484
23	49	56.21592254
24	49	91.69748389
25	49	153.2671523
26	49	57.36792894
27	49	123.4930654
28	49	145.9451862
29	49	53.65056746
30	49	41.49447057
1	50	88.93274925
2	50	55.29562694
3	50	30.98321088
4	50	72.50430394
5	50	75.08851762
6	50	103.6171252
7	50	45.40532068
8	50	51.43180017
9	50	125.6106534
10	50	47.39301833
11	50	116.7057434
12	50	86.03431813
13	50	103.81646
14	50	33.63982359
15	50	78.94497593
16	50	24.15523669
17	50	45.37111575
18	50	79.63042563
19	50	63.72750129
20	50	67.47370447
21	50	94.69553985
22	50	53.35848076
23	50	66.43793024
24	50	101.315654
25	50	65.73366816
26	50	77.3232467
27	50	18.59023337
28	50	56.46115696
29	50	105.0379545
30	50	89.98407625
1	51	411.398057
2	51	166.0241215
3	51	239.6072912
4	51	438.0503929
5	51	416.7495631
6	51	289.1426288
7	51	280.2847704
8	51	216.9278644
9	51	323.1457188
10	51	247.0758552
11	51	286.6803506
12	51	50.23091859
13	51	282.9406939
14	51	231.4468495
15	51	243.4807673
16	51	371.1636842
17	51	184.8400198
18	51	516.6058378
19	51	136.9294115
20	51	343.7630149
21	51	294.8740742
22	51	155.6338854
23	51	247.3608033
24	51	30.92794349
25	51	455.1511915
26	51	297.0802794
27	51	324.7507523
28	51	474.3819603
29	51	119.3367967
30	51	243.5860386
1	52	108.8229899
2	52	150.4730335
3	52	174.5974991
4	52	89.48860505
5	52	108.0388767
6	52	170.2586028
7	52	78.48576817
8	52	131.992978
9	52	225.0357592
10	52	236.9451582
11	52	229.1530696
12	52	255.1322742
13	52	183.8181165
14	52	115.8674885
15	52	162.2450231
16	52	128.7184996
17	52	174.5840488
18	52	148.5168674
19	52	218.400032
20	52	79.15262541
21	52	155.4718702
22	52	190.8282082
23	52	95.23602063
24	52	320.8972465
25	52	97.43883881
26	52	130.264446
27	52	96.92991919
28	52	105.5977688
29	52	253.5404076
30	52	184.4770622
1	53	80.42399468
2	53	25.83589288
3	53	52.44898806
4	53	73.36876164
5	53	81.72714851
6	53	40.69034443
7	53	37.91231002
8	53	31.32447707
9	53	53.83586801
10	53	68.98610179
11	53	41.18791195
12	53	45.21453214
13	53	43.3969435
14	53	44.54246338
15	53	17.38149588
16	53	88.81567815
17	53	47.73971531
18	53	93.21795197
19	53	49.46482629
20	53	49.56538179
21	53	45.38115519
22	53	41.22229043
23	53	26.83265519
24	53	53.84731026
25	53	75.93622914
26	53	39.07823967
27	53	59.18420857
28	53	81.98091477
29	53	31.48570108
30	53	25.20430792
1	54	90.39626236
2	54	34.6112978
3	54	62.0553381
4	54	84.44922249
5	54	90.98448907
6	54	43.20860516
7	54	49.45266234
8	54	45.3666545
9	54	54.34364093
10	54	71.51389784
11	54	41.67517507
12	54	30.16639769
13	54	53.44030165
14	54	52.23155787
15	54	32.60508248
16	54	88.62841824
17	54	44.99820461
18	54	110.5353375
19	54	41.65879876
20	54	58.92910935
21	54	57.18597848
22	54	42.84922761
23	54	47.26841535
24	54	26.96798746
25	54	83.19105632
26	54	54.1404492
27	54	73.71509517
28	54	87.12690302
29	54	5.235334057
30	54	29.4690167
1	55	34.19133494
2	55	109.6349156
3	55	120.6724487
4	55	43.61966214
5	55	61.03498443
6	55	65.54177676
7	55	54.38497457
8	55	85.02722478
9	55	81.22814835
10	55	176.1941685
11	55	82.86617383
12	55	138.7637664
13	55	52.62282778
14	55	108.1748232
15	55	68.62220638
16	55	106.4504881
17	55	124.1119314
18	55	84.99373767
19	55	147.3516723
20	55	18.4116212
21	55	39.91500887
22	55	114.6132762
23	55	51.05045555
24	55	161.8025224
25	55	70.42868528
26	55	41.44398365
27	55	88.76599132
28	55	72.42758934
29	55	132.6231601
30	55	91.87799898
1	56	82.55404052
2	56	213.5920765
3	56	196.236291
4	56	40.05590785
5	56	47.52800328
6	56	184.0639096
7	56	116.5806186
8	56	162.3393701
9	56	235.90285
10	56	252.0399688
11	56	214.9615143
12	56	283.0261564
13	56	168.2785449
14	56	160.1558543
15	56	185.0391743
16	56	132.6045417
17	56	214.7035359
18	56	77.17254754
19	56	267.1415964
20	56	109.530032
21	56	177.5094818
22	56	210.2700384
23	56	138.8992818
24	56	345.4201133
25	56	18.78870548
26	56	138.0488903
27	56	118.8068558
28	56	37.46445387
29	56	284.1356988
30	56	226.0439933
1	57	37.28480648
2	57	67.95331322
3	57	93.64724947
4	57	40.76432898
5	57	54.63713987
6	57	57.04885658
7	57	33.40259068
8	57	60.69085163
9	57	65.82788594
10	57	122.6098288
11	57	70.9475891
12	57	125.6747128
13	57	49.53866037
14	57	70.59578329
15	57	53.2308266
16	57	85.03309543
17	57	89.46357193
18	57	74.1042385
19	57	98.01838849
20	57	9.669344369
21	57	35.4874492
22	57	85.50062521
23	57	32.36474497
24	57	140.6093672
25	57	50.11474707
26	57	31.74460372
27	57	63.13459872
28	57	67.75420936
29	57	94.55195263
30	57	64.5733758
1	58	244.2909951
2	58	73.44708693
3	58	104.2786472
4	58	248.732364
5	58	261.7611172
6	58	164.15297
7	58	127.9151552
8	58	79.72417965
9	58	219.8151084
10	58	134.9487209
11	58	185.8808062
12	58	33.19234928
13	58	183.4782957
14	58	110.4986552
15	58	116.2380164
16	58	205.9486267
17	58	77.77326466
18	58	297.45921
19	58	47.70221452
20	58	171.6135029
21	58	168.3749466
22	58	60.44878282
23	58	136.4188448
24	58	71.92322258
25	58	229.1756913
26	58	157.901769
27	58	154.6791923
28	58	226.1563345
29	58	81.46043611
30	58	128.4191459
1	59	128.4075975
2	59	41.55344189
3	59	52.86510762
4	59	135.3362403
5	59	145.2650289
6	59	91.11421074
7	59	80.82052071
8	59	44.32771463
9	59	128.823593
10	59	64.39499245
11	59	103.7289734
12	59	16.1457718
13	59	101.8926994
14	59	54.08587233
15	59	76.60378933
16	59	112.47803
17	59	41.37527902
18	59	156.4398048
19	59	25.27940143
20	59	99.77641986
21	59	98.42072243
22	59	28.03330499
23	59	85.66001945
24	59	32.58247953
25	59	139.7888853
26	59	96.72433543
27	59	92.26188395
28	59	145.0272702
29	59	49.89622149
30	59	76.34423502
1	60	215.0285369
2	60	284.2795799
3	60	210.6486094
4	60	169.217557
5	60	162.2690562
6	60	312.7646824
7	60	182.1514119
8	60	257.0901918
9	60	391.4228832
10	60	312.9125877
11	60	362.4600304
12	60	406.2137237
13	60	372.0075976
14	60	197.4181588
15	60	323.1428384
16	60	80.86461903
17	60	268.1356973
18	60	168.5894133
19	60	352.7279386
20	60	240.3225104
21	60	301.8564249
22	60	317.8872324
23	60	232.5441264
24	60	526.7869227
25	60	105.4927537
26	60	259.8016145
27	60	101.9976877
28	60	79.44939015
29	60	464.0511077
30	60	344.0558167
1	61	88.58158619
2	61	41.93597937
3	61	74.48067154
4	61	87.80115971
5	61	105.6109219
6	61	44.32769137
7	61	54.70428242
8	61	54.60156509
9	61	54.97957865
10	61	92.68093994
11	61	40.44890447
12	61	45.15166424
13	61	50.68098134
14	61	68.92446767
15	61	34.2567945
16	61	119.3525772
17	61	67.48898343
18	61	118.4803917
19	61	57.46069426
20	61	61.23218962
21	61	54.25591687
22	61	51.98052663
23	61	52.74631023
24	61	49.78278023
25	61	107.5471036
26	61	49.98191159
27	61	79.64385955
28	61	120.3328275
29	61	15.80302784
30	61	25.8874863
1	62	168.9918537
2	62	121.4765621
3	62	121.1985124
4	62	127.2235154
5	62	172.364498
6	62	193.8425168
7	62	37.33275401
8	62	85.3924425
9	62	213.2069197
10	62	222.8172541
11	62	227.724454
12	62	223.2335351
13	62	176.4079918
14	62	91.12567246
15	62	135.0763434
16	62	132.5754894
17	62	127.3647018
18	62	226.5754184
19	62	209.0794182
20	62	98.01784171
21	62	171.5537423
22	62	137.7640082
23	62	78.12087985
24	62	286.4235464
25	62	150.1164765
26	62	119.5378784
27	62	73.13963449
28	62	145.1747435
29	62	205.7159901
30	62	180.2389004
1	63	142.1051953
2	63	54.44653205
3	63	39.31137344
4	63	126.7037791
5	63	141.8797369
6	63	150.2543883
7	63	52.07688335
8	63	34.99641371
9	63	166.1861244
10	63	91.19112619
11	63	158.5061676
12	63	124.0899172
13	63	149.430097
14	63	12.43037149
15	63	94.24075462
16	63	84.75120992
17	63	41.59911477
18	63	170.501435
19	63	90.09820152
20	63	100.2666951
21	63	128.5668084
22	63	54.83434995
23	63	85.69418374
24	63	136.9752147
25	63	123.0882326
26	63	116.8154996
27	63	46.56165345
28	63	131.6932642
29	63	139.1800802
30	63	132.9420769
1	64	255.9592619
2	64	93.91577374
3	64	40.19696206
4	64	275.2970253
5	64	269.1113974
6	64	249.9628636
7	64	142.2983345
8	64	94.46269394
9	64	272.7901437
10	64	79.17757505
11	64	253.2806369
12	64	130.2568018
13	64	238.4494841
14	64	73.20547624
15	64	196.7057218
16	64	156.9018102
17	64	32.44105467
18	64	312.273014
19	64	59.8406079
20	64	203.753806
21	64	235.4550753
22	64	51.21221319
23	64	174.3483342
24	64	198.8458935
25	64	265.0228328
26	64	227.4454013
27	64	140.7573412
28	64	221.1737045
29	64	209.7565999
30	64	211.4822571
1	65	72.32526523
2	65	10.17809717
3	65	33.0802274
4	65	67.68299636
5	65	79.91998441
6	65	55.63990344
7	65	33.63520629
8	65	15.99295829
9	65	67.01982477
10	65	51.07507993
11	65	59.08194191
12	65	29.30711555
13	65	61.29235068
14	65	27.28533549
15	65	36.50066172
16	65	69.6393193
17	65	22.39580536
18	65	94.48080409
19	65	23.58764159
20	65	58.51981481
21	65	56.32688123
22	65	14.01272862
23	65	37.71477687
24	65	40.32254841
25	65	86.46319993
26	65	51.63999011
27	65	51.90406536
28	65	86.15365702
29	65	33.8299931
30	65	41.64178403
1	66	161.9829278
2	66	33.4232356
3	66	77.88876264
4	66	161.1769694
5	66	192.7348946
6	66	108.1319435
7	66	71.84687848
8	66	49.71377409
9	66	151.4336509
10	66	123.4776024
11	66	106.9219885
12	66	71.49498874
13	66	113.1292336
14	66	80.47522078
15	66	69.24316002
16	66	145.2261596
17	66	75.65617688
18	66	211.8444426
19	66	67.90731944
20	66	116.4716166
21	66	120.3489624
22	66	54.26877549
23	66	78.69650054
24	66	96.09316921
25	66	188.1875356
26	66	92.74769132
27	66	119.7105417
28	66	169.9578958
29	66	61.89994454
30	66	80.69961539
1	67	60.26525267
2	67	63.28776634
3	67	82.95044784
4	67	67.60300427
5	67	73.95236293
6	67	31.81784858
7	67	37.3823317
8	67	52.91246946
9	67	47.57509302
10	67	115.797028
11	67	49.19890307
12	67	97.11035259
13	67	33.48374836
14	67	69.55144138
15	67	22.49717193
16	67	98.29366137
17	67	79.14309322
18	67	101.0676491
19	67	95.46516637
20	67	26.85114966
21	67	26.41710691
22	67	73.47053593
23	67	15.41409821
24	67	109.2728458
25	67	79.20020008
26	67	13.7411117
27	67	79.36672409
28	67	90.38347607
29	67	70.49126864
30	67	41.49105165
1	68	105.0624592
2	68	201.0545182
3	68	252.1255074
4	68	104.1771464
5	68	169.650265
6	68	135.5127198
7	68	98.28420102
8	68	189.4477792
9	68	197.3628888
10	68	314.2817891
11	68	193.4125951
12	68	347.6427456
13	68	136.1603204
14	68	194.452236
15	68	140.6428149
16	68	220.0181972
17	68	228.6410392
18	68	249.3680399
19	68	277.7957231
20	68	27.15383899
21	68	111.9394316
22	68	269.8724532
23	68	73.84897121
24	68	396.7779296
25	68	175.9250815
26	68	76.40319217
27	68	177.6147421
28	68	192.5873262
29	68	297.225473
30	68	177.9869516
1	69	94.15854372
2	69	91.30076474
3	69	119.1413461
4	69	88.66109065
5	69	132.276802
6	69	106.1158321
7	69	23.72204036
8	69	70.7944794
9	69	133.1671733
10	69	174.5333467
11	69	125.5776275
12	69	158.7948242
13	69	110.5469304
14	69	78.12267611
15	69	77.13630026
16	69	120.5998888
17	69	106.4881342
18	69	172.0504063
19	69	157.8225438
20	69	55.38358491
21	69	88.24159362
22	69	110.0176608
23	69	38.2561046
24	69	191.5246091
25	69	102.5124195
26	69	62.92742171
27	69	77.0634739
28	69	121.3556591
29	69	145.2888459
30	69	118.0094471
1	70	114.6212658
2	70	40.85458687
3	70	61.27712844
4	70	112.4277689
5	70	120.9445767
6	70	80.28724213
7	70	70.71027781
8	70	43.68488463
9	70	88.61075152
10	70	69.82768464
11	70	74.19189618
12	70	14.88440907
13	70	87.41012641
14	70	62.76097081
15	70	62.57471949
16	70	104.9492379
17	70	47.08130054
18	70	133.4156143
19	70	35.91604779
20	70	90.43457931
21	70	87.74136788
22	70	33.1704806
23	70	70.76164689
24	70	22.25014484
25	70	123.822498
26	70	84.87843874
27	70	77.59194495
28	70	114.861784
29	70	32.43948028
30	70	57.64413606
1	71	198.0958483
2	71	30.83270707
3	71	63.35030462
4	71	173.572021
5	71	222.9862167
6	71	173.1440291
7	71	89.37120831
8	71	39.25145854
9	71	195.6744411
10	71	96.13331081
11	71	156.88699
12	71	71.2671565
13	71	153.3494938
14	71	61.803924
15	71	111.0842504
16	71	173.0666677
17	71	36.82759231
18	71	241.736173
19	71	47.29808038
20	71	162.4619333
21	71	160.6553641
22	71	17.4427882
23	71	114.8000263
24	71	111.4111397
25	71	191.0715069
26	71	132.5353649
27	71	112.4467257
28	71	212.1568451
29	71	109.8287752
30	71	129.7827213
1	72	36.03048161
2	72	103.2752224
3	72	106.7782854
4	72	19.28337171
5	72	44.84710075
6	72	98.73119263
7	72	64.43957115
8	72	100.8790402
9	72	103.1446467
10	72	147.2015106
11	72	108.170836
12	72	178.7706784
13	72	93.51371087
14	72	95.3999102
15	72	86.18576436
16	72	89.73566222
17	72	126.053822
18	72	73.88206039
19	72	150.9507395
20	72	35.74445532
21	72	81.28961529
22	72	130.1983938
23	72	57.08100219
24	72	170.9510503
25	72	46.51444282
26	72	68.5870033
27	72	76.55228222
28	72	55.4653849
29	72	134.4066679
30	72	118.5663013
1	73	168.7636924
2	73	163.1884336
3	73	166.7293516
4	73	131.1074735
5	73	172.6266019
6	73	233.1093412
7	73	59.60501056
8	73	139.7987489
9	73	296.7988493
10	73	280.5547245
11	73	279.1098851
12	73	299.2058779
13	73	219.8815131
14	73	127.4342342
15	73	181.9773599
16	73	163.3885383
17	73	193.6557616
18	73	257.8639094
19	73	256.4399316
20	73	114.6184525
21	73	182.4033561
22	73	205.8247176
23	73	106.5113161
24	73	342.7678862
25	73	161.5926627
26	73	170.2872134
27	73	98.40308329
28	73	161.243546
29	73	298.4889247
30	73	216.9710445
1	74	106.86186
2	74	61.53638941
3	74	80.46445511
4	74	81.27299945
5	74	111.5333191
6	74	83.25168996
7	74	11.372909
8	74	57.79248202
9	74	126.50355
10	74	140.9561465
11	74	101.8202204
12	74	137.6721689
13	74	95.86593219
14	74	68.99982739
15	74	63.7631822
16	74	100.1587352
17	74	91.23177635
18	74	139.464094
19	74	128.4209361
20	74	53.75312656
21	74	73.81039804
22	74	89.84422508
23	74	33.56691347
24	74	178.132193
25	74	100.1852682
26	74	62.66976988
27	74	71.12348923
28	74	95.07021382
29	74	129.9290656
30	74	92.01923478
1	75	88.12226796
2	75	160.990646
3	75	136.5525545
4	75	55.74619993
5	75	39.54574875
6	75	165.8058743
7	75	118.2454063
8	75	158.0421068
9	75	183.0384031
10	75	200.3680591
11	75	183.9212876
12	75	245.6314644
13	75	165.4740508
14	75	144.5514902
15	75	143.4294555
16	75	79.63336464
17	75	169.2832968
18	75	41.84483909
19	75	184.9556918
20	75	109.6312538
21	75	155.5043728
22	75	161.8416369
23	75	125.1452067
24	75	279.6078358
25	75	22.51240014
26	75	137.0780964
27	75	85.66339027
28	75	14.68745872
29	75	227.6058045
30	75	187.9765561
;		

param Dmax:=		
35
;		

param Cmin:=
83.20%
;