set I:=
1
2
3
4
5
6
7
8
9
10
11
12
13
14
15
16
17
18
19
20
21
22
23
24
25
26
27
28
29
30
;

set J:=
1
2
3
4
5
6
7
8
9
10
11
12
13
14
15
16
17
18
19
20
21
22
23
24
25
26
27
28
29
30
31
32
33
34
35
36
37
38
39
40
41
42
43
44
45
46
47
48
49
50
51
52
53
54
55
56
57
58
59
60
61
62
63
64
65
66
67
68
69
70
71
72
73
74
75
;

param f:=
1	850
2	938
3	794
4	729
5	758
6	899
7	767
8	879
9	909
10	919
11	754
12	848
13	763
14	911
15	840
16	960
17	795
18	945
19	995
20	939
21	936
22	798
23	757
24	837
25	887
26	770
27	782
28	847
29	808
30	785
;	

param d:=	
1	36
2	14
3	29
4	27
5	30
6	48
7	45
8	34
9	30
10	37
11	40
12	38
13	47
14	18
15	20
16	37
17	48
18	10
19	10
20	20
21	21
22	25
23	24
24	18
25	15
26	46
27	12
28	10
29	32
30	46
31	14
32	30
33	45
34	34
35	45
36	14
37	24
38	16
39	26
40	46
41	22
42	15
43	14
44	25
45	19
46	16
47	29
48	16
49	23
50	44
51	28
52	47
53	21
54	10
55	30
56	49
57	14
58	49
59	25
60	29
61	34
62	25
63	48
64	31	
65	33	
66	49	
67	25	
68	10	
69	42	
70	49	
71	22	
72	49	
73	46	
74	19	
75	35	
;		

param h:=		
1	1	60
2	1	34
3	1	121
4	1	115
5	1	107
6	1	111
7	1	44
8	1	109
9	1	38
10	1	41
11	1	93
12	1	76
13	1	65
14	1	115
15	1	93
16	1	104
17	1	87
18	1	109
19	1	82
20	1	72
21	1	127
22	1	70
23	1	78
24	1	45
25	1	93
26	1	50
27	1	101
28	1	80
29	1	126
30	1	19
1	2	112
2	2	104
3	2	187
4	2	62
5	2	53
6	2	59
7	2	106
8	2	159
9	2	55
10	2	116
11	2	109
12	2	102
13	2	146
14	2	100
15	2	64
16	2	169
17	2	114
18	2	94
19	2	125
20	2	144
21	2	78
22	2	148
23	2	157
24	2	93
25	2	122
26	2	108
27	2	169
28	2	113
29	2	185
30	2	63
1	3	160
2	3	137
3	3	155
4	3	36
5	3	38
6	3	35
7	3	146
8	3	113
9	3	66
10	3	114
11	3	48
12	3	55
13	3	150
14	3	20
15	3	15
16	3	138
17	3	61
18	3	15
19	3	82
20	3	175
21	3	36
22	3	169
23	3	154
24	3	141
25	3	68
26	3	90
27	3	141
28	3	66
29	3	143
30	3	100
1	4	136
2	4	129
3	4	212
4	4	60
5	4	53
6	4	58
7	4	131
8	4	181
9	4	80
10	4	142
11	4	125
12	4	121
13	4	172
14	4	108
15	4	73
16	4	193
17	4	133
18	4	103
19	4	146
20	4	169
21	4	74
22	4	175
23	4	183
24	4	116
25	4	141
26	4	132
27	4	193
28	4	133
29	4	208
30	4	89
1	5	133
2	5	105
3	5	24
4	5	172
5	5	168
6	5	169
7	5	117
8	5	46
9	5	110
10	5	55
11	5	98
12	5	86
13	5	55
14	5	138
15	5	142
16	5	13
17	5	83
18	5	136
19	5	60
20	5	109
21	5	177
22	5	88
23	5	43
24	5	130
25	5	79
26	5	58
27	5	5
28	5	76
29	5	39
30	5	116
1	6	171
2	6	154
3	6	192
4	6	6
5	6	15
6	6	10
7	6	160
8	6	152
9	6	83
10	6	142
11	6	87
12	6	92
13	6	178
14	6	54
15	6	34
16	6	174
17	6	100
18	6	51
19	6	120
20	6	193
21	6	10
22	6	191
23	6	184
24	6	151
25	6	107
26	6	121
27	6	177
28	6	103
29	6	181
30	6	112
1	7	134
2	7	114
3	7	158
4	7	34
5	7	28
6	7	30
7	7	122
8	7	122
9	7	43
10	7	102
11	7	63
12	7	61
13	7	137
14	7	50
15	7	15
16	7	140
17	7	71
18	7	44
19	7	87
20	7	153
21	7	46
22	7	151
23	7	144
24	7	114
25	7	80
26	7	83
27	7	141
28	7	73
29	7	150
30	7	74
1	8	155
2	8	127
3	8	4
4	8	183
5	8	180
6	8	180
7	8	139
8	8	42
9	8	127
10	8	76
11	8	104
12	8	95
13	8	76
14	8	145
15	8	153
16	8	13
17	8	89
18	8	143
19	8	68
20	8	130
21	8	187
22	8	109
23	8	63
24	8	152
25	8	84
26	8	75
27	8	16
28	8	84
29	8	22
30	8	136
1	9	72
2	9	44
3	9	111
4	9	111
5	9	103
6	9	107
7	9	55
8	9	96
9	9	34
10	9	33
11	9	81
12	9	64
13	9	63
14	9	105
15	9	87
16	9	93
17	9	74
18	9	100
19	9	68
20	9	79
21	9	122
22	9	74
23	9	73
24	9	58
25	9	80
26	9	37
27	9	91
28	9	67
29	9	115
30	9	29
1	10	121
2	10	97
3	10	124
4	10	66
5	10	61
6	10	63
7	10	106
8	10	89
9	10	29
10	10	71
11	10	39
12	10	30
13	10	108
14	10	52
15	10	37
16	10	105
17	10	42
18	10	46
19	10	54
20	10	132
21	10	74
22	10	126
23	10	113
24	10	104
25	10	50
26	10	49
27	10	107
28	10	41
29	10	117
30	10	64
1	11	58
2	11	43
3	11	145
4	11	106
5	11	97
6	11	102
7	11	48
8	11	129
9	11	37
10	11	65
11	11	103
12	11	88
13	11	89
14	11	117
15	11	89
16	11	128
17	11	100
18	11	111
19	11	99
20	11	84
21	11	119
22	11	88
23	11	101
24	11	39
25	11	107
26	11	70
27	11	125
28	11	94
29	11	149
30	11	4
1	12	42
2	12	42
3	12	163
4	12	125
5	12	116
6	12	121
7	12	39
8	12	152
9	12	63
10	12	83
11	12	129
12	12	114
13	12	98
14	12	142
15	12	112
16	12	147
17	12	126
18	12	135
19	12	124
20	12	77
21	12	140
22	12	88
23	12	112
24	12	22
25	12	133
26	12	93
27	12	143
28	12	120
29	12	170
30	12	29
1	13	200
2	13	172
3	13	140
4	13	92
5	13	96
6	13	92
7	13	183
8	13	93
9	13	109
10	13	132
11	13	47
12	13	65
13	13	165
14	13	39
15	13	74
16	13	127
17	13	58
18	13	44
19	13	78
20	13	203
21	13	84
22	13	192
23	13	164
24	13	183
25	13	58
26	13	104
27	13	133
28	13	67
29	13	120
30	13	144
1	14	128
2	14	115
3	14	184
4	14	42
5	14	33
6	14	39
7	14	119
8	14	152
9	14	55
10	14	118
11	14	96
12	14	92
13	14	151
14	14	82
15	14	46
16	14	166
17	14	104
18	14	76
19	14	117
20	14	156
21	14	57
22	14	158
23	14	161
24	14	108
25	14	112
26	14	106
27	14	166
28	14	104
29	14	180
30	14	73
1	15	201
2	15	177
3	15	168
4	15	66
5	15	72
6	15	67
7	15	187
8	15	122
9	15	107
10	15	145
11	15	62
12	15	78
13	15	181
14	15	27
15	15	59
16	15	153
17	15	77
18	15	34
19	15	100
20	15	212
21	15	55
22	15	204
23	15	182
24	15	183
25	15	80
26	15	119
27	15	158
28	15	85
29	15	151
30	15	143
1	16	155
2	16	126
3	16	15
4	16	174
5	16	171
6	16	171
7	16	138
8	16	31
9	16	120
10	16	73
11	16	93
12	16	85
13	16	78
14	16	134
15	16	144
16	16	10
17	16	79
18	16	132
19	16	57
20	16	132
21	16	177
22	16	111
23	16	66
24	16	150
25	16	73
26	16	68
27	16	17
28	16	74
29	16	16
30	16	131
1	17	154
2	17	124
3	17	67
4	17	126
5	17	125
6	17	124
7	17	136
8	17	22
9	17	89
10	17	72
11	17	43
12	17	39
13	17	97
14	17	83
15	17	97
16	17	52
17	17	29
18	17	82
19	17	17
20	17	145
21	17	128
22	17	129
23	17	93
24	17	143
25	17	22
26	17	49
27	17	58
28	17	28
29	17	52
30	17	112
1	18	57
2	18	28
3	18	113
4	18	126
5	18	118
6	18	122
7	18	39
8	18	106
9	18	48
10	18	34
11	18	97
12	18	80
13	18	54
14	18	122
15	18	102
16	18	97
17	18	90
18	18	116
19	18	81
20	18	62
21	18	137
22	18	59
23	18	67
24	18	45
25	18	94
26	18	48
27	18	93
28	18	82
29	18	121
30	18	30
1	19	113
2	19	91
3	19	132
4	19	63
5	19	57
6	19	59
7	19	99
8	19	100
9	19	19
10	19	73
11	19	52
12	19	42
13	19	108
14	19	60
15	19	37
16	19	114
17	19	55
18	19	53
19	19	65
20	19	128
21	19	73
22	19	124
23	19	115
24	19	95
25	19	63
26	19	55
27	19	114
28	19	53
29	19	127
30	19	55
1	20	171
2	20	147
3	20	146
4	20	55
5	20	58
6	20	55
7	20	156
8	20	101
9	20	77
10	20	115
11	20	37
12	20	50
13	20	151
14	20	3
15	20	36
16	20	129
17	20	52
18	20	5
19	20	74
20	20	182
21	20	51
22	20	173
23	20	153
24	20	153
25	20	57
26	20	89
27	20	134
28	20	59
29	20	131
30	20	113
1	21	67
2	21	66
3	21	178
4	21	107
5	21	98
6	21	104
7	21	64
8	21	161
9	21	60
10	21	99
11	21	128
12	21	115
13	21	119
14	21	132
15	21	99
16	21	161
17	21	127
18	21	126
19	21	130
20	21	103
21	21	122
22	21	113
23	21	133
24	21	48
25	21	135
26	21	102
27	21	158
28	21	123
29	21	182
30	21	38
1	22	122
2	22	105
3	22	162
4	22	42
5	22	34
6	22	38
7	22	111
8	22	129
9	22	36
10	22	99
11	22	74
12	22	69
13	22	133
14	22	65
15	22	30
16	22	143
17	22	81
18	22	59
19	22	94
20	22	144
21	22	56
22	22	144
23	22	142
24	22	102
25	22	89
26	22	84
27	22	144
28	22	80
29	22	156
30	22	63
1	23	166
2	23	137
3	23	38
4	23	161
5	23	159
6	23	159
7	23	149
8	23	12
9	23	118
10	23	82
11	23	78
12	23	74
13	23	96
14	23	117
15	23	132
16	23	31
17	23	64
18	23	116
19	23	47
20	23	149
21	23	163
22	23	129
23	23	86
24	23	159
25	23	57
26	23	69
27	23	39
28	23	62
29	23	17
30	23	135
1	24	16
2	24	17
3	24	141
4	24	162
5	24	153
6	24	158
7	24	8
8	24	145
9	24	88
10	24	69
11	24	143
12	24	125
13	24	65
14	24	166
15	24	143
16	24	128
17	24	135
18	24	160
19	24	125
20	24	30
21	24	175
22	24	44
23	24	80
24	24	24
25	24	139
26	24	91
27	24	122
28	24	127
29	24	154
30	24	55
1	25	95
2	25	69
3	25	115
4	25	87
5	25	81
6	25	84
7	25	79
8	25	90
9	25	16
10	25	49
11	25	59
12	25	44
13	25	84
14	25	80
15	25	61
16	25	97
17	25	56
18	25	74
19	25	57
20	25	105
21	25	98
22	25	99
23	25	92
24	25	78
25	25	63
26	25	35
27	25	96
28	25	50
29	25	114
30	25	41
1	26	171
2	26	147
3	26	147
4	26	54
5	26	57
6	26	53
7	26	156
8	26	102
9	26	77
10	26	116
11	26	38
12	26	50
13	26	152
14	26	2
15	26	34
16	26	130
17	26	53
18	26	4
19	26	75
20	26	182
21	26	50
22	26	174
23	26	154
24	26	153
25	26	58
26	26	90
27	26	135
28	26	60
29	26	132
30	26	113
1	27	49
2	27	24
3	27	108
4	27	157
5	27	149
6	27	153
7	27	34
8	27	113
9	27	79
10	27	39
11	27	121
12	27	103
13	27	33
14	27	150
15	27	133
16	27	95
17	27	111
18	27	144
19	27	97
20	27	35
21	27	168
22	27	28
23	27	49
24	27	50
25	27	114
26	27	64
27	27	89
28	27	102
29	27	121
30	27	57
1	28	53
2	28	47
3	28	160
4	28	112
5	28	103
6	28	108
7	28	47
8	28	146
9	28	51
10	28	80
11	28	119
12	28	104
13	28	100
14	28	130
15	28	99
16	28	143
17	28	117
18	28	123
19	28	116
20	28	86
21	28	127
22	28	94
23	28	113
24	28	33
25	28	123
26	28	87
27	28	140
28	28	111
29	28	165
30	28	21
1	29	151
2	29	124
3	29	6
4	29	186
5	29	183
6	29	183
7	29	135
8	29	48
9	29	128
10	29	74
11	29	108
12	29	99
13	29	71
14	29	149
15	29	156
16	29	16
17	29	93
18	29	147
19	29	71
20	29	125
21	29	191
22	29	103
23	29	58
24	29	149
25	29	88
26	29	76
27	29	15
28	29	87
29	29	29
30	29	135
1	30	32
2	30	25
3	30	130
4	30	172
5	30	164
6	30	168
7	30	24
8	30	139
9	30	96
10	30	65
11	30	145
12	30	127
13	30	52
14	30	171
15	30	151
16	30	119
17	30	135
18	30	166
19	30	122
20	30	15
21	30	185
22	30	27
23	30	67
24	30	42
25	30	139
26	30	90
27	30	112
28	30	127
29	30	145
30	30	67
1	31	120
2	31	117
3	31	208
4	31	74
5	31	66
6	31	72
7	31	117
8	31	181
9	31	76
10	31	135
11	31	130
12	31	123
13	31	163
14	31	118
15	31	82
16	31	190
17	31	136
18	31	112
19	31	146
20	31	156
21	31	89
22	31	163
23	31	175
24	31	102
25	31	144
26	31	129
27	31	189
28	31	134
29	31	207
30	31	79
1	32	55
2	32	42
3	32	112
4	32	183
5	32	175
6	32	179
7	32	46
8	32	127
9	32	105
10	32	59
11	32	144
12	32	126
13	32	34
14	32	175
15	32	159
16	32	103
17	32	133
18	32	170
19	32	117
20	32	19
21	32	194
22	32	3
23	32	47
24	32	64
25	32	135
26	32	86
27	32	96
28	32	124
29	32	129
30	32	82
1	33	184
2	33	163
3	33	178
4	33	34
5	33	41
6	33	36
7	33	171
8	33	134
9	33	91
10	33	140
11	33	69
12	33	80
13	33	177
14	33	29
15	33	36
16	33	161
17	33	84
18	33	30
19	33	106
20	33	201
21	33	23
22	33	196
23	33	181
24	33	165
25	33	89
26	33	116
27	33	165
28	33	90
29	33	164
30	33	125
1	34	168
2	34	144
3	34	148
4	34	49
5	34	52
6	34	48
7	34	153
8	34	105
9	34	74
10	34	115
11	34	40
12	34	51
13	34	151
14	34	6
15	34	29
16	34	132
17	34	54
18	34	0
19	34	76
20	34	179
21	34	46
22	34	172
23	34	154
24	34	150
25	34	60
26	34	89
27	34	136
28	34	60
29	34	135
30	34	109
1	35	161
2	35	143
3	35	180
4	35	8
5	35	11
6	35	6
7	35	149
8	35	140
9	35	71
10	35	129
11	35	76
12	35	80
13	35	165
14	35	46
15	35	21
16	35	162
17	35	88
18	35	43
19	35	108
20	35	182
21	35	17
22	35	180
23	35	172
24	35	141
25	35	95
26	35	109
27	35	165
28	35	92
29	35	170
30	35	102
1	36	155
2	36	125
3	36	57
4	36	136
5	36	134
6	36	133
7	36	137
8	36	12
9	36	95
10	36	71
11	36	52
12	36	48
13	36	94
14	36	93
15	36	106
16	36	43
17	36	39
18	36	91
19	36	23
20	36	143
21	36	137
22	36	126
23	36	88
24	36	145
25	36	32
26	36	51
27	36	49
28	36	36
29	36	42
30	36	116
1	37	45
2	37	31
3	37	144
4	37	120
5	37	111
6	37	116
7	37	34
8	37	134
9	37	50
10	37	64
11	37	114
12	37	98
13	37	82
14	37	130
15	37	103
16	37	128
17	37	109
18	37	123
19	37	106
20	37	71
21	37	133
22	37	77
23	37	96
24	37	25
25	37	115
26	37	74
27	37	124
28	37	103
29	37	151
30	37	14
1	38	153
2	38	138
3	38	191
4	38	16
5	38	9
6	38	14
7	38	143
8	38	153
9	38	71
10	38	133
11	38	91
12	38	92
13	38	168
14	38	66
15	38	35
16	38	172
17	38	102
18	38	62
19	38	120
20	38	178
21	38	31
22	38	178
23	38	176
24	38	133
25	38	110
26	38	115
27	38	174
28	38	104
29	38	182
30	38	96
1	39	154
2	39	129
3	39	136
4	39	55
5	39	55
6	39	53
7	39	139
8	39	93
9	39	61
10	39	99
11	39	28
12	39	36
13	39	135
14	39	20
15	39	28
16	39	119
17	39	42
18	39	14
19	39	63
20	39	164
21	39	56
22	39	157
23	39	138
24	39	136
25	39	48
26	39	73
27	39	122
28	39	47
29	39	123
30	39	96
1	40	32
2	40	16
3	40	140
4	40	134
5	40	125
6	40	130
7	40	19
8	40	134
9	40	61
10	40	61
11	40	122
12	40	105
13	40	72
14	40	141
15	40	116
16	40	125
17	40	115
18	40	135
19	40	109
20	40	56
21	40	148
22	40	63
23	40	87
24	40	17
25	40	121
26	40	76
27	40	120
28	40	108
29	40	149
30	40	28
1	41	58
2	41	58
3	41	173
4	41	113
5	41	104
6	41	109
7	41	56
8	41	159
9	41	61
10	41	94
11	41	129
12	41	115
13	41	113
14	41	136
15	41	104
16	41	157
17	41	127
18	41	129
19	41	128
20	41	95
21	41	128
22	41	105
23	41	127
24	41	40
25	41	135
26	41	100
27	41	153
28	41	122
29	41	178
30	41	34
1	42	79
2	42	56
3	42	127
4	42	93
5	42	85
6	42	89
7	42	64
8	42	107
9	42	16
10	42	53
11	42	78
12	42	63
13	42	84
14	42	94
15	42	71
16	42	109
17	42	75
18	42	88
19	42	75
20	42	94
21	42	105
22	42	93
23	42	94
24	42	61
25	42	82
26	42	49
27	42	107
28	42	69
29	42	128
30	42	22
1	43	105
2	43	75
3	43	58
4	43	144
5	43	139
6	43	141
7	43	88
8	43	56
9	43	77
10	43	21
11	43	80
12	43	65
13	43	40
14	43	118
15	43	115
16	43	42
17	43	67
18	43	114
19	43	47
20	43	89
21	43	151
22	43	72
23	43	39
24	43	99
25	43	66
26	43	28
27	43	38
28	43	58
29	43	65
30	43	81
1	44	150
2	44	131
3	44	169
4	44	19
5	44	16
6	44	16
7	44	138
8	44	130
9	44	59
10	44	117
11	44	67
12	44	69
13	44	153
14	44	44
15	44	11
16	44	151
17	44	79
18	44	39
19	44	97
20	44	170
21	44	29
22	44	168
23	44	159
24	44	131
25	44	86
26	44	97
27	44	153
28	44	81
29	44	160
30	44	91
1	45	38
2	45	26
3	45	145
4	45	127
5	45	118
6	45	123
7	45	27
8	45	137
9	45	56
10	45	65
11	45	119
12	45	103
13	45	80
14	45	136
15	45	110
16	45	129
17	45	114
18	45	130
19	45	110
20	45	65
21	45	141
22	45	72
23	45	94
24	45	19
25	45	120
26	45	78
27	45	125
28	45	107
29	45	153
30	45	21
1	46	176
2	46	146
3	46	72
4	46	137
5	46	136
6	46	135
7	46	158
8	46	26
9	46	109
10	46	93
11	46	52
12	46	56
13	46	117
14	46	88
15	46	109
16	46	61
17	46	43
18	46	88
19	46	38
20	46	165
21	46	136
22	46	149
23	46	110
24	46	165
25	46	35
26	46	71
27	46	69
28	46	45
29	46	51
30	46	134
1	47	127
2	47	126
3	47	222
4	47	85
5	47	78
6	47	83
7	47	125
8	47	196
9	47	91
10	47	148
11	47	145
12	47	138
13	47	175
14	47	131
15	47	96
16	47	204
17	47	151
18	47	126
19	47	161
20	47	164
21	47	100
22	47	172
23	47	187
24	47	109
25	47	159
26	47	143
27	47	203
28	47	149
29	47	221
30	47	90
1	48	114
2	48	85
3	48	74
4	48	116
5	48	112
6	48	113
7	48	97
8	48	50
9	48	58
10	48	35
11	48	51
12	48	35
13	48	68
14	48	88
15	48	87
16	48	56
17	48	38
18	48	84
19	48	23
20	48	108
21	48	123
22	48	95
23	48	68
24	48	103
25	48	40
26	48	10
27	48	57
28	48	29
29	48	72
30	48	75
1	49	158
2	49	129
3	49	16
4	49	174
5	49	171
6	49	171
7	49	141
8	49	30
9	49	122
10	49	76
11	49	93
12	49	86
13	49	81
14	49	134
15	49	144
16	49	13
17	49	79
18	49	132
19	49	58
20	49	135
21	49	177
22	49	115
23	49	70
24	49	153
25	49	73
26	49	70
27	49	20
28	49	74
29	49	13
30	49	134
1	50	157
2	50	139
3	50	181
4	50	8
5	50	5
6	50	4
7	50	145
8	50	142
9	50	69
10	50	128
11	50	78
12	50	81
13	50	163
14	50	51
15	50	22
16	50	163
17	50	90
18	50	47
19	50	109
20	50	179
21	50	22
22	50	177
23	50	170
24	50	137
25	50	97
26	50	108
27	50	165
28	50	93
29	50	171
30	50	98
1	51	165
2	51	135
3	51	44
4	51	154
5	51	153
6	51	152
7	51	147
8	51	6
9	51	112
10	51	80
11	51	70
12	51	67
13	51	97
14	51	110
15	51	125
16	51	35
17	51	57
18	51	109
19	51	41
20	51	149
21	51	156
22	51	130
23	51	88
24	51	157
25	51	50
26	51	65
27	51	42
28	51	55
29	51	24
30	51	131
1	52	141
2	52	127
3	52	186
4	52	26
5	52	17
6	52	23
7	52	132
8	52	150
9	52	62
10	52	124
11	52	91
12	52	89
13	52	158
14	52	71
15	52	36
16	52	167
17	52	100
18	52	65
19	52	116
20	52	167
21	52	42
22	52	168
23	52	167
24	52	121
25	52	108
26	52	109
27	52	168
28	52	101
29	52	179
30	52	85
1	53	34
2	53	36
3	53	160
4	53	131
5	53	122
6	53	127
7	53	32
8	53	152
9	53	66
10	53	80
11	53	132
12	53	116
13	53	93
14	53	146
15	53	117
16	53	144
17	53	128
18	53	139
19	53	124
20	53	70
21	53	146
22	53	81
23	53	107
24	53	15
25	53	134
26	53	92
27	53	140
28	53	121
29	53	168
30	53	31
1	54	13
2	54	39
3	54	169
4	54	162
5	54	153
6	54	158
7	54	27
8	54	169
9	54	95
10	54	94
11	54	158
12	54	141
13	54	95
14	54	175
15	54	147
16	54	156
17	54	152
18	54	169
19	54	145
20	54	55
21	54	176
22	54	73
23	54	110
24	54	20
25	54	158
26	54	112
27	54	150
28	54	145
29	54	181
30	54	60
1	55	87
2	55	58
3	55	71
4	55	151
5	55	145
6	55	147
7	55	70
8	55	76
9	55	78
10	55	14
11	55	96
12	55	79
13	55	22
14	55	132
15	55	123
16	55	58
17	55	83
18	55	127
19	55	65
20	55	68
21	55	160
22	55	51
23	55	27
24	55	83
25	55	84
26	55	39
27	55	52
28	55	75
29	55	83
30	55	73
1	56	128
2	56	98
3	56	69
4	56	119
5	56	115
6	56	116
7	56	110
8	56	38
9	56	68
10	56	47
11	56	45
12	56	32
13	56	77
14	56	85
15	56	89
16	56	51
17	56	30
18	56	82
19	56	10
20	56	121
21	56	123
22	56	106
23	56	75
24	56	117
25	56	30
26	56	23
27	56	53
28	56	22
29	56	62
30	56	88
1	57	66
2	57	40
3	57	91
4	57	159
5	57	152
6	57	155
7	57	50
8	57	99
9	57	82
10	57	29
11	57	114
12	57	97
13	57	18
14	57	146
15	57	133
16	57	79
17	57	102
18	57	141
19	57	87
20	57	45
21	57	169
22	57	30
23	57	33
24	57	66
25	57	105
26	57	56
27	57	73
28	57	94
29	57	105
30	57	67
1	58	56
2	58	50
3	58	161
4	58	109
5	58	100
6	58	105
7	58	50
8	58	146
9	58	50
10	58	81
11	58	117
12	58	103
13	58	102
14	58	127
15	58	97
16	58	144
17	58	116
18	58	121
19	58	116
20	58	89
21	58	124
22	58	97
23	58	115
24	58	37
25	58	123
26	58	87
27	58	141
28	58	110
29	58	166
30	58	21
1	59	124
2	59	107
3	59	163
4	59	40
5	59	32
6	59	36
7	59	113
8	59	130
9	59	38
10	59	101
11	59	74
12	59	70
13	59	135
14	59	65
15	59	29
16	59	145
17	59	82
18	59	58
19	59	95
20	59	147
21	59	54
22	59	146
23	59	144
24	59	104
25	59	90
26	59	86
27	59	146
28	59	81
29	59	158
30	59	65
1	60	139
2	60	113
3	60	20
4	60	186
5	60	181
6	60	182
7	60	124
8	60	56
9	60	123
10	60	65
11	60	111
12	60	100
13	60	58
14	60	152
15	60	156
16	60	21
17	60	96
18	60	149
19	60	74
20	60	111
21	60	191
22	60	90
23	60	44
24	60	138
25	60	92
26	60	72
27	60	14
28	60	89
29	60	41
30	60	127
1	61	31
2	61	6
3	61	132
4	61	142
5	61	133
6	61	138
7	61	14
8	61	130
9	61	67
10	61	55
11	61	122
12	61	105
13	61	62
14	61	145
15	61	122
16	61	117
17	61	115
18	61	139
19	61	107
20	61	46
21	61	155
22	61	52
23	61	77
24	61	22
25	61	120
26	61	73
27	61	112
28	61	107
29	61	142
30	61	36
1	62	142
2	62	114
3	62	101
4	62	88
5	62	86
6	62	86
7	62	125
8	62	60
9	62	59
10	62	72
11	62	12
12	62	5
13	62	107
14	62	50
15	62	59
16	62	83
17	62	9
18	62	47
19	62	28
20	62	143
21	62	91
22	62	132
23	62	107
24	62	127
25	62	17
26	62	45
27	62	87
28	62	12
29	62	89
30	62	90
1	63	100
2	63	74
3	63	114
4	63	85
5	63	79
6	63	81
7	63	84
8	63	87
9	63	18
10	63	51
11	63	54
12	63	39
13	63	86
14	63	75
15	63	58
16	63	95
17	63	51
18	63	69
19	63	53
20	63	109
21	63	95
22	63	103
23	63	93
24	63	84
25	63	58
26	63	34
27	63	95
28	63	45
29	63	111
30	63	46
1	64	52
2	64	29
3	64	105
4	64	163
5	64	155
6	64	159
7	64	38
8	64	114
9	64	85
10	64	41
11	64	125
12	64	107
13	64	29
14	64	155
15	64	139
16	64	94
17	64	114
18	64	150
19	64	99
20	64	31
21	64	174
22	64	22
23	64	44
24	64	55
25	64	117
26	64	68
27	64	87
28	64	105
29	64	120
30	64	64
1	65	110
2	65	82
3	65	47
4	65	161
5	65	156
6	65	157
7	65	94
8	65	59
9	65	93
10	65	33
11	65	95
12	65	80
13	65	35
14	65	133
15	65	132
16	65	34
17	65	80
18	65	130
19	65	59
20	65	88
21	65	168
22	65	68
23	65	27
24	65	107
25	65	79
26	65	44
27	65	28
28	65	72
29	65	60
30	65	94
1	66	70
2	66	74
3	66	189
4	66	113
5	66	104
6	66	110
7	66	70
8	66	173
9	66	71
10	66	110
11	66	139
12	66	126
13	66	129
14	66	142
15	66	108
16	66	172
17	66	139
18	66	135
19	66	141
20	66	109
21	66	128
22	66	120
23	66	143
24	66	53
25	66	146
26	66	114
27	66	169
28	66	134
29	66	193
30	66	49
1	67	34
2	67	43
3	67	170
4	67	137
5	67	128
6	67	133
7	67	36
8	67	162
9	67	75
10	67	90
11	67	142
12	67	126
13	67	101
14	67	155
15	67	125
16	67	154
17	67	138
18	67	148
19	67	135
20	67	74
21	67	152
22	67	87
23	67	116
24	67	18
25	67	144
26	67	103
27	67	150
28	67	131
29	67	178
30	67	41
1	68	90
2	68	64
3	68	69
4	68	171
5	68	164
6	68	167
7	68	75
8	68	85
9	68	97
10	68	34
11	68	114
12	68	98
13	68	8
14	68	151
15	68	143
16	68	59
17	68	101
18	68	146
19	68	81
20	68	62
21	68	179
22	68	42
23	68	9
24	68	90
25	68	101
26	68	58
27	68	52
28	68	92
29	68	85
30	68	88
1	69	77
2	69	74
3	69	181
4	69	98
5	69	89
6	69	95
7	69	74
8	69	162
9	69	58
10	69	103
11	69	124
12	69	112
13	69	125
14	69	126
15	69	92
16	69	164
17	69	125
18	69	120
19	69	129
20	69	112
21	69	113
22	69	121
23	69	139
24	69	58
25	69	133
26	69	104
27	69	161
28	69	121
29	69	184
30	69	42
1	70	174
2	70	148
3	70	142
4	70	62
5	70	65
6	70	61
7	70	158
8	70	97
9	70	80
10	70	115
11	70	33
12	70	48
13	70	150
14	70	8
15	70	42
16	70	126
17	70	48
18	70	12
19	70	71
20	70	182
21	70	58
22	70	174
23	70	152
24	70	156
25	70	53
26	70	88
27	70	130
28	70	56
29	70	126
30	70	116
1	71	92
2	71	76
3	71	153
4	71	72
5	71	63
6	71	68
7	71	81
8	71	127
9	71	21
10	71	81
11	71	85
12	71	74
13	71	112
14	71	89
15	71	57
16	71	135
17	71	87
18	71	82
19	71	94
20	71	116
21	71	86
22	71	118
23	71	122
24	71	72
25	71	95
26	71	73
27	71	134
28	71	83
29	71	152
30	71	34
1	72	123
2	72	93
3	72	86
4	72	102
5	72	99
6	72	99
7	72	105
8	72	53
9	72	52
10	72	49
11	72	36
12	72	19
13	72	83
14	72	72
15	72	72
16	72	68
17	72	24
18	72	68
19	72	19
20	72	121
21	72	108
22	72	109
23	72	84
24	72	109
25	72	28
26	72	21
27	72	70
28	72	16
29	72	80
30	72	76
1	73	126
2	73	97
3	73	38
4	73	153
5	73	149
6	73	150
7	73	109
8	73	38
9	73	93
10	73	43
11	73	80
12	73	68
13	73	55
14	73	121
15	73	124
16	73	21
17	73	65
18	73	118
19	73	43
20	73	107
21	73	159
22	73	88
23	73	48
24	73	120
25	73	62
26	73	41
27	73	19
28	73	58
29	73	44
30	73	102
1	74	128
2	74	127
3	74	221
4	74	82
5	74	74
6	74	80
7	74	126
8	74	194
9	74	89
10	74	148
11	74	143
12	74	136
13	74	175
14	74	129
15	74	93
16	74	203
17	74	149
18	74	123
19	74	160
20	74	165
21	74	96
22	74	173
23	74	187
24	74	110
25	74	157
26	74	142
27	74	202
28	74	147
29	74	220
30	74	90
1	75	43
2	75	13
3	75	121
4	75	137
5	75	129
6	75	133
7	75	25
8	75	117
9	75	60
10	75	43
11	75	112
12	75	95
13	75	54
14	75	136
15	75	115
16	75	106
17	75	104
18	75	130
19	75	95
20	75	50
21	75	149
22	75	50
23	75	68
24	75	34
25	75	109
26	75	61
27	75	101
28	75	96
29	75	130
30	75	34
;		

param c:=		
1	1	111.3726872
2	1	75.21174461
3	1	212.8809052
4	1	209.826206
5	1	192.8692695
6	1	225.7375761
7	1	83.8366404
8	1	209.1275689
9	1	77.07350902
10	1	80.79780088
11	1	177.2258388
12	1	147.9926263
13	1	114.7003332
14	1	209.6533722
15	1	180.5602806
16	1	197.3724094
17	1	150.1158662
18	1	196.1372024
19	1	149.6643609
20	1	141.1913748
21	1	223.3237595
22	1	137.5460401
23	1	147.1422061
24	1	81.60350575
25	1	167.5740556
26	1	100.5868336
27	1	188.8282773
28	1	160.2121619
29	1	222.644104
30	1	42.96228242
1	2	84.07540654
2	2	78.45274223
3	2	126.7028383
4	2	47.06894811
5	2	37.9449777
6	2	46.97709512
7	2	73.21910066
8	2	111.8666582
9	2	45.14608686
10	2	92.30920157
11	2	79.32768658
12	2	74.54781984
13	2	112.2022869
14	2	73.06372592
15	2	46.75383618
16	2	111.2110956
17	2	84.41349397
18	2	67.76278926
19	2	96.10778731
20	2	107.9512292
21	2	58.16683111
22	2	114.2144245
23	2	107.1094574
24	2	67.78497465
25	2	83.93841714
26	2	77.39044854
27	2	126.0662313
28	2	84.95335757
29	2	127.3229608
30	2	50.4431263
1	3	242.1205388
2	3	224.2625443
3	3	234.1962548
4	3	60.14115911
5	3	66.75383514
6	3	59.70259858
7	3	230.9384898
8	3	155.1957518
9	3	105.7318531
10	3	186.2860339
11	3	77.37841746
12	3	84.2910842
13	3	230.7100925
14	3	38.10075607
15	3	27.35596478
16	3	226.807508
17	3	105.2531241
18	3	29.9158566
19	3	123.0367529
20	3	260.3958551
21	3	60.77949939
22	3	273.1639755
23	3	214.9516613
24	3	219.5186598
25	3	108.3551058
26	3	135.8787921
27	3	232.0962188
28	3	111.2691247
29	3	203.1701374
30	3	158.6666588
1	4	202.7140345
2	4	198.895846
3	4	266.4771463
4	4	84.35602538
5	4	85.40688299
6	4	87.1766386
7	4	182.0384105
8	4	251.39674
9	4	119.3065448
10	4	179.066964
11	4	169.0084272
12	4	168.8477452
13	4	218.2181808
14	4	165.6063867
15	4	97.84987477
16	4	249.3630775
17	4	196.8726922
18	4	160.1829503
19	4	222.9927627
20	4	226.0498548
21	4	104.6733372
22	4	229.507882
23	4	229.9910622
24	4	179.4937872
25	4	204.2540195
26	4	196.8821658
27	4	282.7205509
28	4	190.4423145
29	4	267.3427954
30	4	120.3087084
1	5	199.918609
2	5	152.8699371
3	5	47.65414148
4	5	246.4986806
5	5	268.1236269
6	5	277.1231622
7	5	173.2535068
8	5	75.00704147
9	5	186.6544897
10	5	98.60185544
11	5	169.7257875
12	5	139.9674024
13	5	89.58621588
14	5	215.1380791
15	5	225.6210417
16	5	27.24494971
17	5	135.2445623
18	5	222.0487745
19	5	106.9742668
20	5	179.1888882
21	5	252.0972306
22	5	148.5509088
23	5	69.13951309
24	5	207.6894958
25	5	117.5228291
26	5	90.82974341
27	5	13.87880644
28	5	126.3993168
29	5	66.95645327
30	5	164.8625162
1	6	431.552607
2	6	366.0596394
3	6	433.2320228
4	6	25.50257433
5	6	44.86680002
6	6	34.84115233
7	6	404.7531668
8	6	393.7398911
9	6	222.0329094
10	6	359.5351371
11	6	202.6075728
12	6	233.34519
13	6	465.3075335
14	6	152.2712095
15	6	95.79146292
16	6	424.4455794
17	6	237.5755542
18	6	137.9489495
19	6	314.3434321
20	6	494.3291372
21	6	35.17944498
22	6	505.1719585
23	6	412.1685258
24	6	410.0693224
25	6	262.8878932
26	6	292.0850761
27	6	395.4198661
28	6	271.2385265
29	6	444.8426742
30	6	303.5350419
1	7	302.2341714
2	7	283.0072998
3	7	369.0064125
4	7	94.24974752
5	7	76.55642597
6	7	73.88076781
7	7	302.9550908
8	7	309.1520679
9	7	112.5630108
10	7	259.1119136
11	7	163.8505567
12	7	160.8740718
13	7	294.9676488
14	7	114.1044134
15	7	47.87990141
16	7	347.8926152
17	7	155.7326641
18	7	104.0406151
19	7	207.4309701
20	7	338.9602526
21	7	110.6602814
22	7	376.8156448
23	7	341.6514412
24	7	260.716289
25	7	196.2181345
26	7	199.031131
27	7	297.1686077
28	7	190.3150729
29	7	323.9903749
30	7	167.1216174
1	8	280.9019857
2	8	216.1232234
3	8	15.56440093
4	8	311.6137384
5	8	307.2965158
6	8	298.5231902
7	8	267.0280743
8	8	77.30333649
9	8	226.8387908
10	8	138.948362
11	8	169.9248112
12	8	185.7180103
13	8	137.9353702
14	8	249.3666084
15	8	256.8605338
16	8	32.84778039
17	8	172.0811198
18	8	261.3548199
19	8	131.3230497
20	8	236.4666786
21	8	324.7609987
22	8	190.2971485
23	8	110.8007707
24	8	257.2064199
25	8	146.471301
26	8	124.3371416
27	8	36.62369493
28	8	164.7650511
29	8	42.84159309
30	8	244.152437
1	9	117.7805181
2	9	79.70722824
3	9	161.7224873
4	9	162.5660005
5	9	149.2601394
6	9	165.8640437
7	9	85.66199597
8	9	160.4262003
9	9	56.63028723
10	9	53.30507645
11	9	135.2020256
12	9	108.2921818
13	9	106.5180552
14	9	174.9075718
15	9	141.4161626
16	9	156.293253
17	9	125.126983
18	9	165.4159499
19	9	100.7990975
20	9	137.036428
21	9	193.241151
22	9	115.2419753
23	9	107.1418705
24	9	99.72967129
25	9	123.8269973
26	9	59.45099451
27	9	157.1975659
28	9	114.1858868
29	9	180.4046601
30	9	53.68739474
1	10	241.9528684
2	10	205.4456308
3	10	237.1777325
4	10	138.9248059
5	10	131.7441941
6	10	119.1311475
7	10	194.6697397
8	10	161.2880209
9	10	65.72743374
10	10	150.5608539
11	10	88.26227793
12	10	66.59930696
13	10	213.1989487
14	10	100.3935201
15	10	79.31807532
16	10	213.2822437
17	10	89.01743602
18	10	95.57636355
19	10	117.7650925
20	10	263.5249022
21	10	140.2829387
22	10	228.0835105
23	10	208.5170647
24	10	198.2880911
25	10	102.8771941
26	10	107.2232317
27	10	216.1583899
28	10	84.57889386
29	10	245.3804217
30	10	131.4997796
1	11	130.1482407
2	11	87.21379868
3	11	325.6670857
4	11	204.550546
5	11	208.5598411
6	11	210.4676748
7	11	96.39204302
8	11	249.4744727
9	11	80.34086872
10	11	148.3069397
11	11	210.5956464
12	11	183.7535858
13	11	182.5040638
14	11	243.5837299
15	11	172.1623523
16	11	284.2485806
17	11	208.4290676
18	11	248.3954817
19	11	219.4540217
20	11	186.7532865
21	11	272.7652192
22	11	177.0063416
23	11	210.0286168
24	11	90.46104175
25	11	208.6113412
26	11	145.2248029
27	11	267.6017811
28	11	217.2552005
29	11	291.0851786
30	11	17.9243815
1	12	83.64315301
2	12	83.8488741
3	12	348.942719
4	12	226.273082
5	12	225.5344481
6	12	218.9646646
7	12	76.32138364
8	12	292.6226872
9	12	133.4382203
10	12	183.063705
11	12	265.3926803
12	12	243.9430786
13	12	180.5881236
14	12	301.7270812
15	12	204.3011005
16	12	279.9183196
17	12	225.724028
18	12	278.6336762
19	12	223.0982307
20	12	141.884616
21	12	272.2316739
22	12	169.3531645
23	12	213.4346258
24	12	56.211873
25	12	285.4025629
26	12	189.8784915
27	12	305.5106811
28	12	222.0906434
29	12	356.0185491
30	12	64.10094283
1	13	504.524587
2	13	422.5892782
3	13	343.9571694
4	13	207.8668001
5	13	243.5833679
6	13	236.3198279
7	13	453.5770418
8	13	227.3792352
9	13	283.6328851
10	13	329.2611828
11	13	123.3407759
12	13	170.454116
13	13	375.4977393
14	13	104.3893069
15	13	191.6806189
16	13	284.7907672
17	13	146.4962888
18	13	104.2103543
19	13	191.4397421
20	13	486.0189846
21	13	227.1243601
22	13	491.0248688
23	13	401.7054901
24	13	452.7622938
25	13	140.7720895
26	13	280.2220993
27	13	342.6682428
28	13	154.8266186
29	13	318.2392612
30	13	336.1998889
1	14	118.200046
2	14	104.4482642
3	14	183.8636905
4	14	41.13046013
5	14	36.39989716
6	14	40.05290717
7	14	105.9797883
8	14	153.4352597
9	14	51.48392413
10	14	113.2833371
11	14	94.39690653
12	14	92.63194427
13	14	141.3068772
14	14	77.00136077
15	14	44.05462883
16	14	139.5498232
17	14	98.29498389
18	14	76.98704486
19	14	120.2258596
20	14	134.2464196
21	14	58.15070483
22	14	157.5323231
23	14	151.8049845
24	14	104.5363554
25	14	115.7797142
26	14	107.0766699
27	14	147.4485463
28	14	106.1565783
29	14	168.8642721
30	14	75.25922325
1	15	193.2716039
2	15	164.6483869
3	15	189.1405166
4	15	77.02238001
5	15	78.24665537
6	15	72.13792327
7	15	206.5435486
8	15	136.5050072
9	15	105.2264553
10	15	150.9897714
11	15	70.26032276
12	15	77.50411835
13	15	193.5273527
14	15	29.26083227
15	15	67.99161783
16	15	169.4820425
17	15	79.62390375
18	15	37.8162304
19	15	111.3381975
20	15	220.9809999
21	15	60.73643823
22	15	211.5430683
23	15	189.5578829
24	15	204.0451488
25	15	87.87213039
26	15	133.1980642
27	15	147.5573807
28	15	98.80045049
29	15	140.866447
30	15	152.0181316
1	16	298.814006
2	16	219.6920882
3	16	33.78003894
4	16	315.7194226
5	16	325.5791731
6	16	349.7176011
7	16	251.2577618
8	16	62.70365932
9	16	233.1491953
10	16	157.1253919
11	16	192.6857751
12	16	160.0241458
13	16	165.0735176
14	16	244.6425125
15	16	286.2960495
16	16	29.59989811
17	16	168.1382276
18	16	232.1711671
19	16	112.8919791
20	16	244.6141346
21	16	344.5143188
22	16	225.5299803
23	16	121.3737858
24	16	286.8687706
25	16	133.846567
26	16	141.3816654
27	16	42.60135197
28	16	144.3473862
29	16	40.02558317
30	16	270.9688546
1	17	348.2300755
2	17	339.0120619
3	17	185.0643251
4	17	335.5212926
5	17	317.6687692
6	17	298.5566812
7	17	324.2676491
8	17	63.40270506
9	17	227.5231443
10	17	181.7196994
11	17	123.6948532
12	17	114.0798262
13	17	256.7921633
14	17	208.7125883
15	17	255.9255091
16	17	129.5468577
17	17	80.16921758
18	17	219.8489168
19	17	49.62157167
20	17	358.2222758
21	17	291.678983
22	17	325.1044585
23	17	251.9227061
24	17	330.4760616
25	17	67.65408735
26	17	133.1113466
27	17	160.4021338
28	17	82.76061499
29	17	130.6481924
30	17	286.3475145
1	18	30.69377126
2	18	17.07634117
3	18	58.0198595
4	18	62.53892058
5	18	61.04239064
6	18	67.36555054
7	18	23.73303437
8	18	52.41475392
9	18	24.53730993
10	18	18.7899579
11	18	46.83591844
12	18	38.53628735
13	18	30.43358
14	18	58.54149479
15	18	56.48100338
16	18	46.23923311
17	18	43.62721642
18	18	60.59748048
19	18	39.94918052
20	18	36.2432576
21	18	71.66979283
22	18	31.6713521
23	18	37.18659995
24	18	22.56011579
25	18	51.41625484
26	18	28.59300246
27	18	46.07900685
28	18	46.96959195
29	18	62.90414919
30	18	17.53704967
1	19	58.10289872
2	19	49.74806001
3	19	66.74685799
4	19	35.44925249
5	19	30.05824894
6	19	32.21683665
7	19	50.26907424
8	19	55.31437578
9	19	12.07391728
10	19	37.81000982
11	19	29.6323007
12	19	21.45241707
13	19	54.11170445
14	19	30.07927424
15	19	21.42323631
16	19	63.2645012
17	19	29.56496688
18	19	29.43744797
19	19	37.83400568
20	19	61.78592786
21	19	39.30671977
22	19	65.438298
23	19	61.54993149
24	19	46.9010819
25	19	34.33401536
26	19	32.49802364
27	19	60.8937803
28	19	28.79173862
29	19	66.15517472
30	19	28.81471832
1	20	168.2795944
2	20	145.2546811
3	20	144.0647425
4	20	60.87682433
5	20	61.44011516
6	20	62.99808834
7	20	175.7720581
8	20	105.1695465
9	20	74.26031836
10	20	131.9142542
11	20	43.99319931
12	20	50.91129236
13	20	155.1890489
14	20	8.705454193
15	20	44.22245458
16	20	130.5186889
17	20	56.81734295
18	20	9.834906009
19	20	79.29327731
20	20	177.9928736
21	20	55.65881078
22	20	185.7691651
23	20	149.9981177
24	20	168.0688304
25	20	66.25595628
26	20	91.93788184
27	20	131.6271581
28	20	69.67937726
29	20	139.4794902
30	20	112.8670614
1	21	80.40361662
2	21	79.35844849
3	21	181.4686251
4	21	109.3315699
5	21	111.9861192
6	21	104.7451172
7	21	67.92695613
8	21	159.5787435
9	21	73.32633307
10	21	98.81493985
11	21	153.0825029
12	21	117.3336971
13	21	120.4512989
14	21	131.9482084
15	21	113.0801609
16	21	180.8288536
17	21	140.4344123
18	21	149.8325254
19	21	154.150258
20	21	105.2342617
21	21	130.5860291
22	21	134.20737
23	21	153.5762542
24	21	51.556548
25	21	156.292715
26	21	113.2730438
27	21	179.0103312
28	21	138.860674
29	21	184.3395062
30	21	44.81497244
1	22	161.0601868
2	22	141.0604695
3	22	213.5283719
4	22	63.38145836
5	22	46.84957134
6	22	54.96260212
7	22	141.3474925
8	22	153.3905239
9	22	46.3404813
10	22	128.7698026
11	22	95.961565
12	22	89.74725839
13	22	163.3631641
14	22	84.5501507
15	22	43.98776321
16	22	193.8008789
17	22	102.1709138
18	22	82.10503891
19	22	113.5664055
20	22	196.316068
21	22	70.92740145
22	22	199.5722983
23	22	169.5160896
24	22	134.5926074
25	22	106.2086876
26	22	118.1074969
27	22	182.1184499
28	22	115.886733
29	22	198.7848332
30	22	93.45882174
1	23	190.6974995
2	23	172.9791024
3	23	47.80505027
4	23	196.3686353
5	23	207.2626746
6	23	182.7879457
7	23	189.6981873
8	23	21.24754016
9	23	146.6944253
10	23	100.6090465
11	23	96.33710066
12	23	87.55501828
13	23	124.857165
14	23	138.7742161
15	23	174.4443968
16	23	45.50888105
17	23	80.05252953
18	23	143.6703943
19	23	66.76365563
20	23	175.5224395
21	23	190.2842806
22	23	148.4351618
23	23	113.5004359
24	23	196.8418961
25	23	81.55238641
26	23	89.44057576
27	23	51.91592546
28	23	87.0812794
29	23	28.05034723
30	23	179.8755702
1	24	17.37055156
2	24	20.08979153
3	24	123.0242866
4	24	163.7188416
5	24	143.3180745
6	24	133.8864479
7	24	10.74848127
8	24	131.2662898
9	24	85.78995993
10	24	62.70634441
11	24	140.0856873
12	24	109.9654639
13	24	61.21426587
14	24	154.5838537
15	24	124.6090261
16	24	121.4559426
17	24	134.9770481
18	24	143.2859092
19	24	119.578807
20	24	29.24156907
21	24	152.4447208
22	24	39.95948632
23	24	69.7589527
24	24	26.24412866
25	24	131.4221018
26	24	89.89508534
27	24	102.996495
28	24	130.5145607
29	24	144.6974082
30	24	57.71146703
1	25	77.6334047
2	25	52.83391859
3	25	83.95747143
4	25	71.9834993
5	25	60.49107975
6	25	72.81524647
7	25	68.53823843
8	25	70.75311759
9	25	14.47264913
10	25	38.62016865
11	25	46.71228059
12	25	36.7337731
13	25	70.88827112
14	25	68.0936399
15	25	48.29236733
16	25	71.29526561
17	25	45.04809994
18	25	64.07762541
19	25	43.09984535
20	25	76.97290079
21	25	71.26803552
22	25	76.54883487
23	25	73.67948063
24	25	60.13034389
25	25	54.26061983
26	25	29.05082496
27	25	70.64086411
28	25	41.72228922
29	25	83.35081232
30	25	33.7210533
1	26	392.1033279
2	26	356.5919653
3	26	315.5183798
4	26	132.3807986
5	26	128.7901742
6	26	140.6589742
7	26	400.1034154
8	26	265.6046675
9	26	191.0294098
10	26	269.439346
11	26	91.15752381
12	26	136.9066175
13	26	355.3670887
14	26	17.14156865
15	26	80.98557528
16	26	299.5353148
17	26	120.3045301
18	26	22.57604839
19	26	177.8099021
20	26	466.9746763
21	26	126.0529153
22	26	399.4021795
23	26	362.9223211
24	26	342.7236193
25	26	150.8207782
26	26	216.1537313
27	26	296.4725101
28	26	146.8590804
29	26	314.1913857
30	26	279.6477014
1	27	29.50608136
2	27	15.89205374
3	27	67.98143127
4	27	100.4664368
5	27	85.83415734
6	27	95.43721625
7	27	25.49229524
8	27	71.73683375
9	27	49.95271935
10	27	24.01791703
11	27	77.46438121
12	27	70.39727782
13	27	23.38793516
14	27	97.61431967
15	27	88.26252588
16	27	57.01187767
17	27	67.20427348
18	27	82.5971959
19	27	65.69475827
20	27	23.1490523
21	27	94.10838013
22	27	21.73377511
23	27	35.44832446
24	27	35.43661386
25	27	65.54006048
26	27	43.47742082
27	27	56.18522035
28	27	62.84817076
29	27	68.0910913
30	27	39.87337765
1	28	31.73170791
2	28	24.14049723
3	28	83.51719835
4	28	57.44729476
5	28	49.89273773
6	28	56.97642405
7	28	27.04394531
8	28	69.52116924
9	28	25.57280498
10	28	38.9481589
11	28	62.47149124
12	28	54.76378561
13	28	47.99364737
14	28	64.70259268
15	28	56.13504451
16	28	76.22943448
17	28	58.92776335
18	28	65.88090461
19	28	61.29329186
20	28	45.71017071
21	28	67.18905179
22	28	50.55649424
23	28	59.28635029
24	28	18.66846661
25	28	57.64351969
26	28	49.86701196
27	28	71.58276364
28	28	55.03171125
29	28	80.57112605
30	28	12.13944117
1	29	250.1450373
2	29	213.6418569
3	29	18.31168152
4	29	277.0325808
5	29	303.6247808
6	29	320.3247447
7	29	233.6003994
8	29	85.39768169
9	29	226.3091959
10	29	131.393864
11	29	175.5423326
12	29	165.4944518
13	29	133.3259325
14	29	265.6462236
15	29	236.3801969
16	29	34.21997692
17	29	168.8919578
18	29	227.2727205
19	29	121.4578352
20	29	206.4168852
21	29	327.9367069
22	29	167.4345126
23	29	102.0722125
24	29	268.8623213
25	29	148.5122437
26	29	125.7109936
27	29	30.35778778
28	29	161.5625138
29	29	55.49030585
30	29	229.9123444
1	30	88.51464089
2	30	65.31907336
3	30	317.4590868
4	30	411.7130932
5	30	419.4837371
6	30	397.1644471
7	30	60.52885418
8	30	301.0335748
9	30	232.3626629
10	30	149.5049825
11	30	338.8024684
12	30	296.7961296
13	30	123.8808084
14	30	432.2567372
15	30	360.4388557
16	30	272.8339307
17	30	303.9794874
18	30	409.7945477
19	30	311.087277
20	30	50.25927118
21	30	443.3608183
22	30	77.84746271
23	30	166.6914402
24	30	113.3502371
25	30	300.2266432
26	30	226.5748009
27	30	295.4117687
28	30	322.929085
29	30	379.3908335
30	30	165.7496081
1	31	89.9583374
2	31	90.12264046
3	31	143.8956873
4	31	60.79276577
5	31	53.6163791
6	31	55.40409699
7	31	83.9391074
8	31	124.8693921
9	31	57.58067837
10	31	100.3332126
11	31	88.1686538
12	31	90.44583433
13	31	117.7202821
14	31	85.32887195
15	31	62.57278845
16	31	146.0671206
17	31	91.81375626
18	31	80.98102933
19	31	114.579267
20	31	117.0886916
21	31	61.83328426
22	31	109.8607708
23	31	133.6057348
24	31	72.21334762
25	31	100.8596068
26	31	93.73757882
27	31	141.0566806
28	31	93.97796107
29	31	142.4662828
30	31	62.21205682
1	32	89.66711238
2	32	69.57065012
3	32	177.0294345
4	32	258.1861778
5	32	294.4150705
6	32	286.4062071
7	32	83.10389761
8	32	203.7198717
9	32	153.5122182
10	32	99.66980816
11	32	237.9522411
12	32	208.0057387
13	32	62.32930089
14	32	251.5817572
15	32	257.0904537
16	32	167.3782599
17	32	216.9968283
18	32	243.697798
19	32	166.8864606
20	32	34.07452119
21	32	270.6511648
22	32	12.76759348
23	32	72.50123878
24	32	97.45585201
25	32	223.7715727
26	32	137.8500728
27	32	149.7959476
28	32	182.926211
29	32	184.6695219
30	32	121.6518875
1	33	417.9498426
2	33	399.6933307
3	33	432.483081
4	33	84.56776392
5	33	94.36485627
6	33	87.51097906
7	33	385.9035024
8	33	342.819055
9	33	214.1522504
10	33	304.1826702
11	33	150.4334206
12	33	194.0646281
13	33	434.7023677
14	33	77.71622014
15	33	84.94281542
16	33	362.6701231
17	33	190.5699396
18	33	79.28146038
19	33	239.9526354
20	33	427.0870565
21	33	67.14752784
22	33	467.8478836
23	33	426.1222108
24	33	372.6362471
25	33	215.073247
26	33	251.1897438
27	33	385.408774
28	33	232.16409
29	33	346.3456953
30	33	295.5871865
1	34	319.7712613
2	34	237.5447743
3	34	271.9200814
4	34	84.09822651
5	34	98.52173554
6	34	97.52374202
7	34	255.7196685
8	34	196.6566402
9	34	124.7554269
10	34	188.759107
11	34	70.60985959
12	34	97.41014963
13	34	276.5000785
14	34	17.42933328
15	34	54.65071136
16	34	247.7310769
17	34	100.9412042
18	34	8.225050524
19	34	145.1137085
20	34	341.3376698
21	34	81.98863701
22	34	280.0976132
23	34	243.5921265
24	34	255.2793054
25	34	106.015838
26	34	165.9715387
27	34	235.2898346
28	34	111.9824359
29	34	253.9919084
30	34	186.1228169
1	35	362.0237807
2	35	318.9106439
3	35	411.1093042
4	35	29.41863706
5	35	35.36789613
6	35	25.21963063
7	35	339.8075708
8	35	310.2190713
9	35	161.0652678
10	35	318.9911537
11	35	172.0319414
12	35	192.0628271
13	35	374.4454075
14	35	116.5417216
15	35	58.6936422
16	35	340.0083109
17	35	195.6906029
18	35	111.7089315
19	35	239.8897266
20	35	393.6738919
21	35	50.59099067
22	35	397.6835796
23	35	435.0599958
24	35	310.5228685
25	35	209.234059
26	35	273.2963288
27	35	403.7091243
28	35	222.6529664
29	35	388.950068
30	35	263.3062622
1	36	109.1739623
2	36	82.09650055
3	36	39.75869978
4	36	97.11901453
5	36	105.1543831
6	36	94.96728724
7	36	94.27759319
8	36	12.41838665
9	36	74.49447731
10	36	48.56138448
11	36	39.11608377
12	36	34.46794541
13	36	67.14186148
14	36	72.46659355
15	36	75.48642206
16	36	30.61308403
17	36	27.94368334
18	36	65.42387221
19	36	17.74442298
20	36	106.5540227
21	36	107.6328877
22	36	85.12761888
23	36	60.9138396
24	36	107.3761992
25	36	27.4967157
26	36	41.08231379
27	36	37.19120646
28	36	26.45316813
29	36	36.00589508
30	36	79.01442797
1	37	65.48571493
2	37	47.25369881
3	37	188.2860621
4	37	156.7827779
5	37	151.3360283
6	37	146.1632949
7	37	50.14747459
8	37	155.4341479
9	37	59.47511018
10	37	85.03778941
11	37	137.2273619
12	37	134.5283188
13	37	113.7824222
14	37	177.7601875
15	37	133.4413253
16	37	166.0581342
17	37	137.2272933
18	37	149.8373405
19	37	121.8593965
20	37	92.02845983
21	37	152.0508374
22	37	89.29507277
23	37	114.2255744
24	37	32.67862707
25	37	147.4906196
26	37	89.92198964
27	37	144.9073494
28	37	128.19431
29	37	197.8304159
30	37	21.3300736
1	38	136.4512184
2	38	106.5121723
3	38	143.1242817
4	38	17.83068006
5	38	10.0954941
6	38	16.35229417
7	38	125.5791019
8	38	120.7479958
9	38	55.7115713
10	38	103.3418888
11	38	75.79898642
12	38	77.32849299
13	38	137.300602
14	38	55.23849051
15	38	32.14586115
16	38	141.0021754
17	38	87.04624154
18	38	53.51163749
19	38	103.8886956
20	38	157.727082
21	38	31.57855237
22	38	141.0901511
23	38	137.5598174
24	38	120.1578411
25	38	92.06555375
26	38	95.04664906
27	38	129.5079622
28	38	92.27137415
29	38	158.6721799
30	38	85.1999648
1	39	224.9983839
2	39	160.2944819
3	39	185.0078993
4	39	81.9726667
5	39	73.75218983
6	39	74.37734902
7	39	169.5933467
8	39	134.7325115
9	39	92.69862533
10	39	134.0309694
11	39	46.88623262
12	39	50.70107894
13	39	196.0741658
14	39	35.43736722
15	39	39.44185865
16	39	151.0684768
17	39	64.70580653
18	39	24.23954158
19	39	96.92472675
20	39	237.279897
21	39	86.91286021
22	39	200.361214
23	39	173.1488872
24	39	197.2352145
25	39	73.45148873
26	39	98.73165708
27	39	167.137521
28	39	72.64755077
29	39	160.3369076
30	39	138.4561583
1	40	83.32723032
2	40	50.13512377
3	40	343.5221981
4	40	337.5260051
5	40	296.1003887
6	40	337.6988478
7	40	59.04221557
8	40	294.3174508
9	40	151.3139825
10	40	161.78356
11	40	280.6466246
12	40	237.1998932
13	40	191.889173
14	40	367.2434427
15	40	276.5275029
16	40	292.6012408
17	40	253.8789272
18	40	342.9903884
19	40	254.9670434
20	40	131.4688006
21	40	327.8638768
22	40	141.7964219
23	40	193.097088
24	40	51.20100895
25	40	267.5518761
26	40	202.2780322
27	40	283.9018228
28	40	270.8337883
29	40	336.0767214
30	40	73.72843582
1	41	72.19336873
2	41	73.90552389
3	41	200.564073
4	41	137.3365076
5	41	121.3167889
6	41	115.679469
7	41	71.61850657
8	41	173.0707773
9	41	65.99895142
10	41	104.4581084
11	41	145.5558048
12	41	127.3201496
13	41	125.448879
14	41	162.971184
15	41	108.1733709
16	41	177.3192023
17	41	154.3850126
18	41	140.420821
19	41	144.2679155
20	41	99.93602866
21	41	147.662719
22	41	111.7789309
23	41	142.3652243
24	41	51.75302636
25	41	166.2565373
26	41	115.2970749
27	41	165.5480636
28	41	143.4120874
29	41	200.9841087
30	41	38.91640599
1	42	62.24240273
2	42	42.21824318
3	42	90.04507951
4	42	72.63980675
5	42	68.67308579
6	42	76.86072786
7	42	54.10518371
8	42	79.5327207
9	42	14.57433761
10	42	44.20991816
11	42	65.60910012
12	42	46.577173
13	42	63.44997866
14	42	71.74533037
15	42	58.14797499
16	42	77.86994424
17	42	59.56749933
18	42	67.02290382
19	42	63.45649218
20	42	70.830654
21	42	79.18726142
22	42	66.96590402
23	42	72.7741804
24	42	49.92101647
25	42	62.92751743
26	42	40.58724793
27	42	85.97516498
28	42	55.52465909
29	42	96.84876988
30	42	18.79487625
1	43	71.98639584
2	43	59.69933456
3	43	41.3322333
4	43	106.7673223
5	43	98.56992346
6	43	92.726625
7	43	70.59278251
8	43	38.8885235
9	43	57.66871712
10	43	17.657222
11	43	53.68882123
12	43	49.75516814
13	43	34.23498842
14	43	85.81191255
15	43	85.92272085
16	43	29.80495019
17	43	45.98644266
18	43	88.44163693
19	43	36.14002062
20	43	64.20269936
21	43	103.2588404
22	43	52.29693447
23	43	32.60074317
24	43	70.27564961
25	43	51.47770869
26	43	20.87974425
27	43	30.09188968
28	43	41.19759452
29	43	52.77945294
30	43	55.25547826
1	44	188.886281
2	44	184.7751867
3	44	204.8086285
4	44	27.80676025
5	44	26.31114988
6	44	28.4197549
7	44	176.0962625
8	44	156.5503582
9	44	81.57731845
10	44	140.3848643
11	44	85.62118455
12	44	88.0163039
13	44	207.3739789
14	44	58.93293704
15	44	21.64803799
16	44	191.3162205
17	44	111.9611736
18	44	53.35196277
19	44	137.1107245
20	44	202.0407796
21	44	38.83757521
22	44	198.3100143
23	44	190.4637386
24	44	177.650121
25	44	123.0465611
26	44	133.3394587
27	44	205.5955577
28	44	113.3463476
29	44	190.775738
30	44	117.3635319
1	45	36.76999881
2	45	26.79906514
3	45	150.1174002
4	45	116.2134627
5	45	128.3755191
6	45	111.1794355
7	45	30.95340054
8	45	146.7872577
9	45	52.33267913
10	45	71.2258939
11	45	118.9098114
12	45	97.79096281
13	45	75.26740421
14	45	124.9873477
15	45	118.8728617
16	45	115.9722747
17	45	107.8329902
18	45	134.6965115
19	45	103.8431671
20	45	65.02264343
21	45	127.6320878
22	45	68.86548755
23	45	92.89870339
24	45	24.92200331
25	45	124.8313279
26	45	72.24512565
27	45	122.8803176
28	45	113.5307343
29	45	145.517961
30	45	23.391787
1	46	134.1125532
2	46	129.421634
3	46	60.39423305
4	46	112.0115831
5	46	117.111402
6	46	115.7805529
7	46	123.9307606
8	46	23.81870521
9	46	91.67000066
10	46	70.72412817
11	46	48.21529461
12	46	44.21182654
13	46	88.66182847
14	46	67.36378953
15	46	87.17758242
16	46	55.04008303
17	46	37.6785847
18	46	80.46999452
19	46	34.21207276
20	46	123.6591817
21	46	102.1241061
22	46	118.464577
23	46	95.46136898
24	46	146.2095189
25	46	30.66173256
26	46	54.95660498
27	46	55.48181657
28	46	43.87710351
29	46	45.22104262
30	46	119.9867951
1	47	197.189269
2	47	196.2001798
3	47	362.0137138
4	47	139.5324818
5	47	110.896741
6	47	123.7372375
7	47	178.571141
8	47	268.2322289
9	47	143.3735655
10	47	243.7782787
11	47	203.2733812
12	47	209.8306
13	47	286.849272
14	47	211.127941
15	47	144.3119801
16	47	279.5041659
17	47	229.943547
18	47	172.6827588
19	47	226.6648935
20	47	262.2988626
21	47	140.761583
22	47	246.0667641
23	47	305.663372
24	47	163.3073892
25	47	232.6927256
26	47	232.097321
27	47	297.2268769
28	47	232.5154094
29	47	313.5590401
30	47	124.4664174
1	48	96.03695283
2	48	71.90870297
3	48	61.81594816
4	48	89.44849342
5	48	93.90811477
6	48	100.6623528
7	48	74.54427901
8	48	43.89400967
9	48	50.38596872
10	48	32.85120517
11	48	43.78215252
12	48	34.81272787
13	48	58.74916203
14	48	68.14160344
15	48	68.85583603
16	48	46.25474739
17	48	34.25489003
18	48	74.73505236
19	48	22.40050529
20	48	91.1082989
21	48	100.4076883
22	48	78.54772494
23	48	59.84910634
24	48	82.96088777
25	48	33.52496831
26	48	10.97120464
27	48	47.28175251
28	48	27.02414965
29	48	58.5401281
30	48	61.17965332
1	49	204.0442931
2	49	152.1687133
3	49	24.66434599
4	49	202.5029671
5	49	212.6576098
6	49	182.244868
7	49	156.3750472
8	49	41.55483282
9	49	152.6698777
10	49	86.33253845
11	49	114.2219944
12	49	106.3183008
13	49	92.59723157
14	49	159.0589299
15	49	163.9205329
16	49	20.97334364
17	49	105.280543
18	49	156.9572775
19	49	66.15763216
20	49	172.3480735
21	49	200.7926994
22	49	125.034004
23	49	78.33729762
24	49	190.4790442
25	49	82.46105153
26	49	82.50543606
27	49	31.60858866
28	49	83.43356453
29	49	19.66307751
30	49	169.1690413
1	50	335.2710403
2	50	332.6737522
3	50	448.1994085
4	50	26.29951809
5	50	21.28043609
6	50	18.09593486
7	50	318.7976276
8	50	296.1273244
9	50	159.7958944
10	50	311.0995789
11	50	191.6291339
12	50	180.0745611
13	50	343.5658502
14	50	123.2314605
15	50	54.42689092
16	50	361.7199802
17	50	219.4079846
18	50	107.4472877
19	50	237.4831091
20	50	423.0452513
21	50	54.64695948
22	50	416.663526
23	50	347.7035019
24	50	298.9175251
25	50	214.0701523
26	50	272.3627345
27	50	355.3273132
28	50	212.6866379
29	50	367.3036283
30	50	240.2679636
1	51	261.1969497
2	51	178.9780313
3	51	65.16847337
4	51	223.7025444
5	51	227.5316291
6	51	233.7810136
7	51	230.8781486
8	51	14.47940343
9	51	154.1816285
10	51	128.5606255
11	51	104.5032629
12	51	103.0088383
13	51	140.6135739
14	51	160.0348996
15	51	192.2026329
16	51	57.96423607
17	51	89.48717719
18	51	175.4818199
19	51	65.28516502
20	51	230.950806
21	51	210.6185805
22	51	198.9976374
23	51	139.3681246
24	51	215.4825329
25	51	80.15802624
26	51	99.78537296
27	51	66.99740204
28	51	91.70950592
29	51	38.47441551
30	51	202.6626878
1	52	317.2854456
2	52	297.363958
3	52	490.7607355
4	52	69.76902719
5	52	54.21372371
6	52	67.86783342
7	52	320.9182544
8	52	339.1721594
9	52	156.5673721
10	52	284.1809042
11	52	210.7904393
12	52	235.5026367
13	52	364.5921191
14	52	173.6289421
15	52	88.46366957
16	52	442.5699148
17	52	232.4528157
18	52	170.8195176
19	52	297.5462202
20	52	416.5869421
21	52	114.8268714
22	52	388.4785397
23	52	424.5596622
24	52	266.8813726
25	52	277.2918354
26	52	272.967003
27	52	443.6092433
28	52	232.7676635
29	52	433.5205207
30	52	213.4480977
1	53	42.49535763
2	53	41.15143666
3	53	160.8551855
4	53	144.2527166
5	53	141.9049641
6	53	126.8149932
7	53	40.52610655
8	53	148.7106178
9	53	69.00458689
10	53	96.24412912
11	53	140.2461348
12	53	115.2533388
13	53	96.76900434
14	53	158.0662388
15	53	137.7174494
16	53	151.0914727
17	53	130.2272335
18	53	151.1860676
19	53	140.3729169
20	53	76.88530007
21	53	153.1497966
22	53	96.31623347
23	53	123.778161
24	53	20.83564516
25	53	135.5986587
26	53	96.6101004
27	53	156.4806157
28	53	141.3456302
29	53	176.0440247
30	53	35.57317458
1	54	9.465522085
2	54	23.11155974
3	54	92.64574798
4	54	75.82533657
5	54	73.34999214
6	54	80.75324794
7	54	15.93571591
8	54	82.2628378
9	54	49.88805547
10	54	49.81999021
11	54	74.74551362
12	54	76.69780276
13	54	52.10851211
14	54	83.90758449
15	54	76.92644267
16	54	79.66685203
17	54	72.79470652
18	54	92.94231787
19	54	78.01901785
20	54	31.64281487
21	54	90.38319166
22	54	37.58841447
23	54	60.80358271
24	54	13.41951241
25	54	75.67994231
26	54	61.53951815
27	54	76.6378595
28	54	80.12655556
29	54	94.19450913
30	54	30.35710857
1	55	129.5145482
2	55	98.72961651
3	55	116.0546036
4	55	254.1037245
5	55	222.800608
6	55	210.0413714
7	55	106.7982314
8	55	119.5353568
9	55	120.9390523
10	55	25.84725685
11	55	149.4149874
12	55	133.2732454
13	55	37.32947919
14	55	212.6143615
15	55	204.4145447
16	55	98.88034818
17	55	136.2027643
18	55	186.5184945
19	55	104.4616414
20	55	99.70455666
21	55	260.5635339
22	55	77.15742031
23	55	52.60599367
24	55	132.6692586
25	55	127.530384
26	55	66.15033837
27	55	92.35359558
28	55	108.0629856
29	55	137.1725384
30	55	108.4362489
1	56	302.8478933
2	56	256.191336
3	56	182.8987743
4	56	311.4640899
5	56	317.0262362
6	56	309.3625339
7	56	279.2853708
8	56	110.6774418
9	56	164.1414216
10	56	119.60191
11	56	126.1097384
12	56	91.67070171
13	56	194.1041381
14	56	218.2996895
15	56	242.5826997
16	56	134.2540336
17	56	93.3880645
18	56	228.4328941
19	56	35.6283722
20	56	295.5464368
21	56	335.841415
22	56	245.5720718
23	56	187.8006539
24	56	290.2404286
25	56	88.92286994
26	56	65.66481254
27	56	144.9652728
28	56	65.82999004
29	56	151.885577
30	56	232.6533298
1	57	54.19506013
2	57	34.07809126
3	57	72.13129845
4	57	106.3522851
5	57	118.8624335
6	57	109.0374091
7	57	36.46432152
8	57	75.93866783
9	57	58.72919956
10	57	25.72693462
11	57	77.93189197
12	57	68.82402586
13	57	17.24343811
14	57	102.9827521
15	57	100.1322444
16	57	59.54409292
17	57	81.82857766
18	57	109.1172864
19	57	59.10414502
20	57	31.91161495
21	57	117.2840757
22	57	25.50706928
23	57	27.28827213
24	57	46.18103301
25	57	76.53306689
26	57	38.95177478
27	57	51.65621574
28	57	74.5183053
29	57	81.55174825
30	57	48.29639243
1	58	141.0292279
2	58	139.5245997
3	58	409.2777823
4	58	294.0944466
5	58	259.0015415
6	58	264.162196
7	58	144.4486405
8	58	397.5838236
9	58	121.9525181
10	58	216.7264304
11	58	283.1932457
12	58	278.7900843
13	58	256.7277141
14	58	309.6716441
15	58	269.0430806
16	58	367.1742179
17	58	324.4080022
18	58	312.4333406
19	58	324.3415849
20	58	219.11238
21	58	311.357202
22	58	259.8531796
23	58	322.5913636
24	58	110.5214416
25	58	330.6504699
26	58	242.3644825
27	58	346.2597095
28	58	262.0939246
29	58	426.8049743
30	58	62.05640186
1	59	155.2150568
2	59	147.2523761
3	59	192.1556325
4	59	57.40071747
5	59	46.88310672
6	59	46.52995571
7	59	148.6093159
8	59	167.0286781
9	59	55.31619229
10	59	132.5945886
11	59	99.61673951
12	59	91.77471648
13	59	170.34723
14	59	81.99304003
15	59	45.6785514
16	59	183.223625
17	59	113.1111958
18	59	72.39341315
19	59	123.6363131
20	59	182.708792
21	59	74.58167518
22	59	177.8180904
23	59	176.4024168
24	59	138.8165221
25	59	126.6889342
26	59	118.2361824
27	59	186.9823526
28	59	98.56479109
29	59	212.711055
30	59	85.87735796
1	60	210.3994152
2	60	164.0481135
3	60	36.38748776
4	60	266.9874201
5	60	291.9737482
6	60	289.9531008
7	60	188.5647282
8	60	79.82045855
9	60	195.9779836
10	60	104.2199487
11	60	180.1880139
12	60	138.1304152
13	60	97.89769371
14	60	227.2332018
15	60	248.1188266
16	60	41.39352568
17	60	144.4870737
18	60	215.2535924
19	60	111.0777209
20	60	173.4063176
21	60	310.3381843
22	60	127.7693058
23	60	66.99944424
24	60	193.6397629
25	60	152.6815012
26	60	108.8017461
27	60	27.41320592
28	60	134.9486955
29	60	72.92789594
30	60	187.9518719
1	61	64.5275747
2	61	18.83209925
3	61	251.6485219
4	61	233.0863337
5	61	256.8345454
6	61	240.3796167
7	61	31.40281324
8	61	213.0188049
9	61	130.4486573
10	61	97.79640436
11	61	201.1907479
12	61	177.1006597
13	61	116.4879948
14	61	268.6204947
15	61	202.5969817
16	61	200.8534791
17	61	220.930387
18	61	237.1303608
19	61	193.9334101
20	61	91.9585716
21	61	288.3687429
22	61	90.30941338
23	61	126.3541479
24	61	49.48910253
25	61	201.5685469
26	61	122.5371137
27	61	189.4672257
28	61	192.0274349
29	61	264.254771
30	61	66.28403206
1	62	166.4453782
2	62	155.004717
3	62	140.299158
4	62	118.1030405
5	62	106.8175894
6	62	103.1176587
7	62	165.7136836
8	62	76.98078196
9	62	72.25708402
10	62	98.13562581
11	62	22.17068814
12	62	11.75974297
13	62	135.7405704
14	62	72.8402083
15	62	82.41463307
16	62	115.0757351
17	62	16.16433445
18	62	66.67610768
19	62	38.67032611
20	62	193.5109431
21	62	127.4619946
22	62	158.1802547
23	62	140.0842981
24	62	159.1302322
25	62	25.84372705
26	62	68.6517219
27	62	115.6019409
28	62	21.8118782
29	62	113.5050209
30	62	121.0886014
1	63	242.9778859
2	63	177.3006529
3	63	281.5519415
4	63	223.7526079
5	63	191.7571325
6	63	219.3079629
7	63	201.815546
8	63	229.0987679
9	63	53.95269888
10	63	134.9857548
11	63	129.8059482
12	63	111.6995093
13	63	200.1746359
14	63	204.1557777
15	63	164.3468377
16	63	235.9733798
17	63	134.3344058
18	63	173.7376795
19	63	149.1810804
20	63	247.3604593
21	63	221.7085852
22	63	277.6149066
23	63	247.4673686
24	63	210.5452684
25	63	153.1423345
26	63	97.66545398
27	63	230.1396137
28	63	118.8507932
29	63	285.5044047
30	63	125.3282534
1	64	87.32371265
2	64	55.29713471
3	64	163.0470075
4	64	274.6404677
5	64	227.5249217
6	64	268.0556817
7	64	60.2538436
8	64	186.4579785
9	64	144.0550305
10	64	66.73895915
11	64	203.6777628
12	64	190.9461705
13	64	50.09217119
14	64	241.349834
15	64	236.0679691
16	64	145.6050828
17	64	187.3717468
18	64	225.0915849
19	64	150.4991023
20	64	54.39835691
21	64	270.1347751
22	64	43.90502098
23	64	78.4287098
24	64	90.16113044
25	64	206.3032784
26	64	112.2498176
27	64	128.3969749
28	64	159.0742328
29	64	179.9713781
30	64	103.4971311
1	65	190.7772296
2	65	138.4021687
3	65	83.94144897
4	65	301.2493567
5	65	291.7572378
6	65	250.2219475
7	65	165.1194564
8	65	115.8870767
9	65	148.9171828
10	65	57.7211154
11	65	160.59016
12	65	130.661354
13	65	60.1557012
14	65	208.8207878
15	65	205.7134827
16	65	68.12980239
17	65	129.4295524
18	65	233.9521064
19	65	99.41883853
20	65	148.0570592
21	65	287.6256644
22	65	131.5272058
23	65	56.6685114
24	65	187.1768569
25	65	145.8122115
26	65	83.5037564
27	65	57.49187746
28	65	119.3340745
29	65	113.7410765
30	65	147.7329054
1	66	187.9876677
2	66	180.9944558
3	66	451.2403115
4	66	302.7474235
5	66	281.5733992
6	66	283.519661
7	66	179.1014055
8	66	438.7290706
9	66	192.0543898
10	66	257.9911587
11	66	348.949654
12	66	304.7178684
13	66	320.9651019
14	66	342.9747743
15	66	303.6813895
16	66	475.3591611
17	66	377.9695569
18	66	353.1552424
19	66	348.6306264
20	66	272.4396773
21	66	356.0107879
22	66	281.6787204
23	66	378.0721734
24	66	154.3286912
25	66	340.3580157
26	66	273.5205353
27	66	463.4773248
28	66	342.5954873
29	66	522.8894676
30	66	142.5787778
1	67	46.38090265
2	67	60.77789803
3	67	221.4124578
4	67	176.4517388
5	67	179.1675436
6	67	170.4871199
7	67	47.03716992
8	67	211.4819639
9	67	96.13239193
10	67	121.3181497
11	67	168.9612674
12	67	162.8926162
13	67	121.8338141
14	67	196.6693502
15	67	161.1480415
16	67	182.9026468
17	67	179.6088738
18	67	204.780026
19	67	173.6752476
20	67	102.6679228
21	67	208.9158527
22	67	104.0414426
23	67	143.3959577
24	67	31.44964401
25	67	195.5825697
26	67	145.3450082
27	67	191.3189908
28	67	167.7122152
29	67	223.349304
30	67	54.35397733
1	68	50.35096348
2	68	34.31150713
3	68	38.24138454
4	68	94.51844471
5	68	81.99374143
6	68	90.47052695
7	68	36.87575729
8	68	48.63228465
9	68	52.27918907
10	68	19.84462085
11	68	55.46106856
12	68	54.07970104
13	68	5.915480517
14	68	83.27432895
15	68	79.8213175
16	68	29.64077956
17	68	47.96968785
18	68	75.31599356
19	68	39.75825652
20	68	35.05809607
21	68	83.32614541
22	68	21.91008058
23	68	6.499729885
24	68	51.09014027
25	68	58.0484656
26	68	34.18633744
27	68	29.67982817
28	68	48.02401362
29	68	47.99486786
30	68	44.9907194
1	69	161.9968778
2	69	172.8835561
3	69	362.3407095
4	69	218.4003102
5	69	215.5927611
6	69	224.5153915
7	69	165.3937989
8	69	332.7821852
9	69	127.1522331
10	69	209.8631238
11	69	289.898645
12	69	257.3889316
13	69	266.8712532
14	69	253.1359989
15	69	222.3135557
16	69	358.7925844
17	69	270.1945433
18	69	237.2774876
19	69	269.8526721
20	69	237.0660582
21	69	247.3861947
22	69	248.6079446
23	69	327.9979245
24	69	139.2326489
25	69	272.7029881
26	69	234.5418786
27	69	349.6589526
28	69	286.0329276
29	69	367.7949227
30	69	104.9343974
1	70	445.7094334
2	70	378.636181
3	70	363.0781587
4	70	174.5863564
5	70	182.6416061
6	70	174.785897
7	70	378.288424
8	70	229.5558463
9	70	189.2404969
10	70	294.7373624
11	70	89.94759946
12	70	123.6474265
13	70	377.8629053
14	70	29.7466981
15	70	123.1801535
16	70	332.5749218
17	70	119.0543528
18	70	42.14760956
19	70	186.3330258
20	70	449.3289646
21	70	155.8235865
22	70	410.0597057
23	70	369.7668948
24	70	372.3037512
25	70	141.7713375
26	70	227.4140342
27	70	325.8531187
28	70	163.0227881
29	70	350.4808626
30	70	289.5208995
1	71	109.2406437
2	71	81.21825094
3	71	167.8650259
4	71	81.06956776
5	71	68.75970036
6	71	79.76585057
7	71	100.0297878
8	71	134.2050962
9	71	28.21044742
10	71	85.90137346
11	71	102.5121555
12	71	85.54745647
13	71	137.7554283
14	71	94.69219658
15	71	66.33704016
16	71	147.8343262
17	71	99.15799671
18	71	90.34900106
19	71	101.1168382
20	71	140.7907157
21	71	109.7341527
22	71	139.9995508
23	71	137.4383783
24	71	88.19449445
25	71	113.6672654
26	71	89.28764639
27	71	141.4311314
28	71	101.841117
29	71	163.4454645
30	71	41.73113655
1	72	293.5937633
2	72	234.9021008
3	72	230.243722
4	72	261.7484572
5	72	274.1198587
6	72	254.8170196
7	72	264.4525558
8	72	149.2782899
9	72	143.7364047
10	72	128.0182307
11	72	109.7801711
12	72	55.08322136
13	72	236.8490177
14	72	205.2750299
15	72	205.1129056
16	72	192.7531199
17	72	77.82248704
18	72	172.8509154
19	72	54.29549795
20	72	290.2063285
21	72	252.6541995
22	72	297.3917457
23	72	239.0626957
24	72	257.3068229
25	72	76.54730117
26	72	64.45340921
27	72	180.8652119
28	72	55.75472401
29	72	201.8828235
30	72	190.9759779
1	73	325.9978174
2	73	211.6157497
3	73	98.85503282
4	73	380.0978268
5	73	331.294097
6	73	351.3182147
7	73	271.1923684
8	73	96.86325594
9	73	216.4999065
10	73	121.19135
11	73	178.2782184
12	73	179.710209
13	73	129.5690302
14	73	305.7891341
15	73	314.7221198
16	73	59.49577796
17	73	148.6318683
18	73	305.6684484
19	73	109.4481168
20	73	280.8907334
21	73	347.6544897
22	73	219.1913981
23	73	122.6316482
24	73	259.3669771
25	73	159.1481714
26	73	109.9469917
27	73	52.86923588
28	73	142.0441365
29	73	115.9945047
30	73	270.017562
1	74	117.9264701
2	74	131.1898211
3	74	222.0631088
4	74	80.7152072
5	74	68.04049104
6	74	72.68373008
7	74	129.2766162
8	74	199.9053065
9	74	82.56295041
10	74	155.275766
11	74	129.1538142
12	74	145.3824448
13	74	167.6729991
14	74	125.94088
15	74	95.53406479
16	74	201.4327364
17	74	154.2063948
18	74	131.6304573
19	74	167.2829231
20	74	167.1826
21	74	101.4709988
22	74	182.9821226
23	74	177.4183669
24	74	118.4616905
25	74	159.0415758
26	74	142.704433
27	74	200.7084565
28	74	130.5001407
29	74	213.9157188
30	74	96.50776345
1	75	75.66467884
2	75	31.68024604
3	75	223.1065618
4	75	249.2244081
5	75	218.2984074
6	75	261.1016085
7	75	53.66205176
8	75	227.7665649
9	75	107.6675107
10	75	84.96905449
11	75	203.6800397
12	75	180.3970242
13	75	98.61211574
14	75	251.3149803
15	75	201.5902378
16	75	205.0125372
17	75	191.8240149
18	75	231.9345543
19	75	190.386595
20	75	101.1732854
21	75	255.5432866
22	75	99.69516097
23	75	137.1203976
24	75	68.30316919
25	75	208.1214837
26	75	117.4631873
27	75	179.8768234
28	75	164.5432212
29	75	241.1531088
30	75	65.53996534
;		

param Dmax:=		
35
;		

param Cmin:=
76.35%
;