set I:=
1
2
3
4
5
6
7
8
9
10
11
12
13
14
15
16
17
18
19
20
21
22
23
24
25
26
27
28
29
30
;

set J:=
1
2
3
4
5
6
7
8
9
10
11
12
13
14
15
16
17
18
19
20
21
22
23
24
25
26
27
28
29
30
31
32
33
34
35
36
37
38
39
40
41
42
43
44
45
46
47
48
49
50
51
52
53
54
55
56
57
58
59
60
61
62
63
64
65
66
67
68
69
70
71
72
73
74
75
;

param f:=
1	400
2	400
3	400
4	400
5	400
6	400
7	400
8	400
9	400
10	400
11	400
12	400
13	400
14	400
15	400
16	400
17	400
18	400
19	400
20	400
21	400
22	400
23	400
24	400
25	400
26	400
27	400
28	400
29	400
30	400
;	

param d:=	
1	15
2	23
3	29
4	41
5	34
6	49
7	37
8	38
9	31
10	20
11	24
12	14
13	42
14	25
15	37
16	23
17	49
18	32
19	14
20	40
21	13
22	12
23	19
24	30
25	49
26	38
27	18
28	27
29	34
30	21
31	21
32	26
33	38
34	33
35	31
36	38
37	43
38	26
39	10
40	41
41	25
42	49
43	47
44	23
45	14
46	29
47	22
48	24
49	40
50	11
51	38
52	44
53	12
54	36
55	20
56	25
57	39
58	40
59	13
60	14
61	15
62	38
63	36
64	13	
65	40	
66	36	
67	40	
68	36	
69	17	
70	35	
71	28	
72	21	
73	22	
74	10	
75	26	
;		

param h:=		
1	1	111
2	1	121
3	1	53
4	1	152
5	1	37
6	1	164
7	1	156
8	1	164
9	1	42
10	1	13
11	1	156
12	1	51
13	1	121
14	1	42
15	1	56
16	1	95
17	1	50
18	1	58
19	1	56
20	1	39
21	1	100
22	1	32
23	1	120
24	1	138
25	1	119
26	1	68
27	1	9
28	1	52
29	1	11
30	1	133
1	2	126
2	2	125
3	2	60
4	2	161
5	2	53
6	2	151
7	2	148
8	2	164
9	2	33
10	2	11
11	2	160
12	2	41
13	2	116
14	2	44
15	2	70
16	2	97
17	2	39
18	2	41
19	2	48
20	2	59
21	2	104
22	2	51
23	2	128
24	2	136
25	2	119
26	2	59
27	2	22
28	2	72
29	2	26
30	2	124
1	3	21
2	3	54
3	3	59
4	3	58
5	3	66
6	3	167
7	3	134
8	3	101
9	3	144
10	3	115
11	3	76
12	3	102
13	3	103
14	3	76
15	3	45
16	3	60
17	3	152
18	3	120
19	3	93
20	3	74
21	3	49
22	3	74
23	3	35
24	3	94
25	3	74
26	3	98
27	3	95
28	3	67
29	3	109
30	3	128
1	4	171
2	4	99
3	4	129
4	4	132
5	4	161
6	4	34
7	4	16
8	4	74
9	4	189
10	4	170
11	4	103
12	4	119
13	4	50
14	4	130
15	4	150
16	4	93
17	4	193
18	4	122
19	4	113
20	4	178
21	4	101
22	4	170
23	4	122
24	4	59
25	4	75
26	4	100
27	4	160
28	4	183
29	4	179
30	4	35
1	5	162
2	5	121
3	5	88
4	5	164
5	5	109
6	5	82
7	5	95
8	5	138
9	5	96
10	5	88
11	5	149
12	5	48
13	5	77
14	5	75
15	5	112
16	5	92
17	5	98
18	5	36
19	5	52
20	5	123
21	5	104
22	5	113
23	5	136
24	5	107
25	5	101
26	5	45
27	5	89
28	5	133
29	5	102
30	5	69
1	6	33
2	6	42
3	6	53
4	6	53
5	6	67
6	6	155
7	6	122
8	6	89
9	6	143
10	6	113
11	6	67
12	6	95
13	6	91
14	6	70
15	6	45
16	6	48
17	6	150
18	6	113
19	6	85
20	6	77
21	6	37
22	6	76
23	6	25
24	6	81
25	6	62
26	6	89
27	6	93
28	6	72
29	6	109
30	6	116
1	7	19
2	7	58
3	7	76
4	7	48
5	7	83
6	7	177
7	7	141
8	7	100
9	7	162
10	7	132
11	7	72
12	7	119
13	7	113
14	7	93
15	7	63
16	7	72
17	7	169
18	7	137
19	7	110
20	7	89
21	7	60
22	7	91
23	7	36
24	7	99
25	7	82
26	7	114
27	7	112
28	7	82
29	7	126
30	7	138
1	8	40
2	8	46
3	8	83
4	8	27
5	8	97
6	8	167
7	8	129
8	8	82
9	8	173
10	8	144
11	8	52
12	8	123
13	8	103
14	8	100
15	8	76
16	8	68
17	8	181
18	8	141
19	8	113
20	8	106
21	8	55
22	8	106
23	8	24
24	8	85
25	8	71
26	8	115
27	8	124
28	8	99
29	8	140
30	8	129
1	9	22
2	9	96
3	9	89
4	9	88
5	9	80
6	9	209
7	9	177
8	9	140
9	9	157
10	9	129
11	9	113
12	9	132
13	9	145
14	9	104
15	9	66
16	9	102
17	9	165
18	9	149
19	9	125
20	9	78
21	9	92
22	9	84
23	9	75
24	9	136
25	9	117
26	9	133
27	9	111
28	9	67
29	9	120
30	9	170
1	10	106
2	10	38
3	10	103
4	10	50
5	10	131
6	10	113
7	10	70
8	10	12
9	10	191
10	10	164
11	10	20
12	10	123
13	10	62
14	10	114
15	10	112
16	10	61
17	10	198
18	10	137
19	10	113
20	10	146
21	10	57
22	10	142
23	10	53
24	10	32
25	10	39
26	10	107
27	10	147
28	10	145
29	10	167
30	10	82
1	11	92
2	11	46
3	11	112
4	11	26
5	11	136
6	11	144
7	11	101
8	11	40
9	11	204
10	11	175
11	11	13
12	11	141
13	11	90
14	11	126
15	11	115
16	11	76
17	11	211
18	11	156
19	11	130
20	11	148
21	11	67
22	11	146
23	11	47
24	11	61
25	11	61
26	11	127
27	11	157
28	11	145
29	11	175
30	11	112
1	12	101
2	12	56
3	12	122
4	12	33
5	12	146
6	12	149
7	12	106
8	12	44
9	12	214
10	12	186
11	12	22
12	12	151
13	12	98
14	12	137
15	12	125
16	12	86
17	12	221
18	12	166
19	12	140
20	12	158
21	12	77
22	12	156
23	12	57
24	12	68
25	12	70
26	12	136
27	12	167
28	12	154
29	12	186
30	12	119
1	13	18
2	13	90
3	13	78
4	13	86
5	13	69
6	13	201
7	13	169
8	13	136
9	13	147
10	13	119
11	13	109
12	13	122
13	13	137
14	13	93
15	13	56
16	13	94
17	13	155
18	13	139
19	13	115
20	13	69
21	13	84
22	13	74
23	13	70
24	13	130
25	13	110
26	13	123
27	13	101
28	13	58
29	13	110
30	13	162
1	14	111
2	14	87
3	14	36
4	14	128
5	14	56
6	14	112
7	14	104
8	14	122
9	14	76
10	14	53
11	14	121
12	14	7
13	14	71
14	14	22
15	14	59
16	14	57
17	14	82
18	14	25
19	14	4
20	14	71
21	14	67
22	14	62
23	14	96
24	14	92
25	14	77
26	14	16
27	14	44
28	14	81
29	14	62
30	14	81
1	15	27
2	15	59
3	15	48
4	15	71
5	15	52
6	15	165
7	15	135
8	15	108
9	15	131
10	15	101
11	15	86
12	15	91
13	15	102
14	15	64
15	15	32
16	15	59
17	15	138
18	15	109
19	15	83
20	15	60
21	15	50
22	15	60
23	15	44
24	15	97
25	15	77
26	15	90
27	15	81
28	15	54
29	15	96
30	15	126
1	16	52
2	16	31
3	16	79
4	16	21
5	16	98
6	16	152
7	16	113
8	16	67
9	16	171
10	16	142
11	16	39
12	16	116
13	16	89
14	16	96
15	16	76
16	16	56
17	16	179
18	16	133
19	16	106
20	16	108
21	16	44
22	16	107
23	16	12
24	16	70
25	16	56
26	16	106
27	16	122
28	16	104
29	16	140
30	16	115
1	17	118
2	17	83
3	17	46
4	17	125
5	17	72
6	17	95
7	17	88
8	17	111
9	17	90
10	17	70
11	17	115
12	17	18
13	17	57
14	17	36
15	17	71
16	17	52
17	17	95
18	17	29
19	17	13
20	17	87
21	17	64
22	17	78
23	17	95
24	17	81
25	17	68
26	17	1
27	17	61
28	17	96
29	17	79
30	17	64
1	18	51
2	18	49
3	18	26
4	18	76
5	18	45
6	18	142
7	18	115
8	18	97
9	18	117
10	18	87
11	18	82
12	18	69
13	18	80
14	18	44
15	18	25
16	18	37
17	18	125
18	18	87
19	18	60
20	18	58
21	18	32
22	18	55
23	18	44
24	18	80
25	18	59
26	18	65
27	18	68
28	18	58
29	18	85
30	18	104
1	19	195
2	19	138
3	19	128
4	19	180
5	19	155
6	19	43
7	19	77
8	19	137
9	19	148
10	19	140
11	19	157
12	19	95
13	19	81
14	19	119
15	19	153
16	19	115
17	19	149
18	19	86
19	19	96
20	19	169
21	19	127
22	19	160
23	19	158
24	19	109
25	19	113
26	19	84
27	19	139
28	19	179
29	19	153
30	19	58
1	20	167
2	20	117
3	20	97
4	20	160
5	20	122
6	20	60
7	20	77
8	20	127
9	20	118
10	20	108
11	20	142
12	20	62
13	20	66
14	20	87
15	20	122
16	20	90
17	20	120
18	20	54
19	20	63
20	20	137
21	20	103
22	20	128
23	20	135
24	20	96
25	20	94
26	20	53
27	20	106
28	20	147
29	20	121
30	20	52
1	21	168
2	21	95
3	21	131
4	21	125
5	21	164
6	21	46
7	21	17
8	21	65
9	21	196
10	21	176
11	21	95
12	21	125
13	21	52
14	21	133
15	21	151
16	21	92
17	21	200
18	21	129
19	21	118
20	21	180
21	21	99
22	21	173
23	21	117
24	21	54
25	21	73
26	21	106
27	21	165
28	21	185
29	21	184
30	21	42
1	22	144
2	22	154
3	22	87
4	22	187
5	22	70
6	22	182
7	22	181
8	22	196
9	22	13
10	22	24
11	22	189
12	22	73
13	22	148
14	22	74
15	22	90
16	22	127
17	22	20
18	22	71
19	22	81
20	22	67
21	22	133
22	22	63
23	22	155
24	22	168
25	22	151
26	22	92
27	22	42
28	22	79
29	22	26
30	22	157
1	23	148
2	23	80
3	23	142
4	23	86
5	23	173
6	23	111
7	23	71
8	23	32
9	23	227
10	23	201
11	23	57
12	23	156
13	23	83
14	23	152
15	23	154
16	23	99
17	23	232
18	23	167
19	23	146
20	23	188
21	23	98
22	23	183
23	23	96
24	23	57
25	23	75
26	23	138
27	23	185
28	23	188
29	23	205
30	23	93
1	24	146
2	24	95
3	24	78
4	24	139
5	24	106
6	24	63
7	24	67
8	24	109
9	24	114
10	24	99
11	24	122
12	24	49
13	24	47
14	24	70
15	24	103
16	24	68
17	24	118
18	24	47
19	24	47
20	24	121
21	24	81
22	24	112
23	24	113
24	24	77
25	24	73
26	24	35
27	24	94
28	24	130
29	24	111
30	24	41
1	25	6
2	25	67
3	25	72
4	25	62
5	25	74
6	25	183
7	25	149
8	25	112
9	25	153
10	25	124
11	25	85
12	25	116
13	25	118
14	25	89
15	25	55
16	25	76
17	25	161
18	25	134
19	25	107
20	25	78
21	25	65
22	25	81
23	25	46
24	25	108
25	25	89
26	25	113
27	25	105
28	25	70
29	25	117
30	25	143
1	26	107
2	26	33
3	26	86
4	26	65
5	26	118
6	26	93
7	26	52
8	26	27
9	26	171
10	26	145
11	26	40
12	26	101
13	26	37
14	26	96
15	26	100
16	26	43
17	26	177
18	26	113
19	26	91
20	26	133
21	26	43
22	26	128
23	26	55
24	26	9
25	26	18
26	26	83
27	26	129
28	26	134
29	26	149
30	26	59
1	27	117
2	27	47
3	27	110
4	27	60
5	27	140
6	27	107
7	27	63
8	27	1
9	27	196
10	27	170
11	27	30
12	27	127
13	27	61
14	27	121
15	27	121
16	27	67
17	27	203
18	27	140
19	27	117
20	27	154
21	27	64
22	27	150
23	27	64
24	27	31
25	27	44
26	27	110
27	27	154
28	27	154
29	27	173
30	27	78
1	28	25
2	28	99
3	28	94
4	28	88
5	28	85
6	28	213
7	28	180
8	28	143
9	28	162
10	28	134
11	28	114
12	28	137
13	28	149
14	28	109
15	28	71
16	28	106
17	28	170
18	28	154
19	28	130
20	28	83
21	28	96
22	28	88
23	28	77
24	28	139
25	28	121
26	28	137
27	28	116
28	28	71
29	28	124
30	28	174
1	29	130
2	29	92
3	29	58
4	29	135
5	29	82
6	29	88
7	29	87
8	29	117
9	29	91
10	29	74
11	29	123
12	29	23
13	29	59
14	29	47
15	29	82
16	29	62
17	29	95
18	29	25
19	29	23
20	29	97
21	29	74
22	29	88
23	29	106
24	29	86
25	29	75
26	29	13
27	29	68
28	29	107
29	29	85
30	29	62
1	30	19
2	30	55
3	30	61
4	30	58
5	30	67
6	30	169
7	30	136
8	30	102
9	30	146
10	30	116
11	30	76
12	30	104
13	30	105
14	30	78
15	30	47
16	30	62
17	30	154
18	30	122
19	30	95
20	30	75
21	30	51
22	30	76
23	30	36
24	30	95
25	30	76
26	30	100
27	30	97
28	30	68
29	30	111
30	30	130
1	31	30
2	31	78
3	31	100
4	31	54
5	31	104
6	31	199
7	31	161
8	31	114
9	31	183
10	31	154
11	31	83
12	31	143
13	31	135
14	31	117
15	31	85
16	31	96
17	31	191
18	31	161
19	31	134
20	31	108
21	31	84
22	31	111
23	31	56
24	31	118
25	31	103
26	31	139
27	31	135
28	31	98
29	31	147
30	31	160
1	32	131
2	32	95
3	32	57
4	32	138
5	32	80
6	32	92
7	32	91
8	32	121
9	32	87
10	32	70
11	32	126
12	32	20
13	32	63
14	32	45
15	32	81
16	32	64
17	32	91
18	32	21
19	32	21
20	32	94
21	32	76
22	32	85
23	32	108
24	32	90
25	32	79
26	32	14
27	32	65
28	32	104
29	32	81
30	32	66
1	33	21
2	33	58
3	33	55
4	33	64
5	33	60
6	33	168
7	33	137
8	33	106
9	33	139
10	33	109
11	33	82
12	33	98
13	33	105
14	33	72
15	33	40
16	33	61
17	33	146
18	33	116
19	33	90
20	33	67
21	33	51
22	33	68
23	33	40
24	33	97
25	33	77
26	33	96
27	33	89
28	33	61
29	33	103
30	33	129
1	34	37
2	34	96
3	34	66
4	34	103
5	34	49
6	34	197
7	34	170
8	34	145
9	34	125
10	34	97
11	34	122
12	34	107
13	34	135
14	34	78
15	34	41
16	34	92
17	34	132
18	34	123
19	34	101
20	34	46
21	34	85
22	34	52
23	34	80
24	34	133
25	34	112
26	34	111
27	34	80
28	34	34
29	34	87
30	34	158
1	35	128
2	35	94
3	35	54
4	35	137
5	35	77
6	35	96
7	35	94
8	35	121
9	35	84
10	35	67
11	35	126
12	35	16
13	35	65
14	35	42
15	35	78
16	35	64
17	35	88
18	35	19
19	35	18
20	35	91
21	35	75
22	35	82
23	35	107
24	35	90
25	35	79
26	35	12
27	35	61
28	35	101
29	35	78
30	35	69
1	36	138
2	36	75
3	36	84
4	36	116
5	36	116
6	36	51
7	36	35
8	36	77
9	36	142
10	36	123
11	36	94
12	36	72
13	36	17
14	36	83
15	36	107
16	36	56
17	36	147
18	36	77
19	36	65
20	36	132
21	36	67
22	36	125
23	36	96
24	36	47
25	36	49
26	36	53
27	36	113
28	36	139
29	36	132
30	36	12
1	37	104
2	37	53
3	37	47
4	37	97
5	37	80
6	37	87
7	37	66
8	37	79
9	37	119
10	37	95
11	37	83
12	37	48
13	37	31
14	37	49
15	37	70
16	37	25
17	37	125
18	37	61
19	37	39
20	37	96
21	37	37
22	37	89
23	37	69
24	37	49
25	37	36
26	37	31
27	37	82
28	37	102
29	37	102
30	37	50
1	38	20
2	38	81
3	38	94
4	38	63
5	38	94
6	38	200
7	38	164
8	38	120
9	38	173
10	38	144
11	38	91
12	38	137
13	38	136
14	38	110
15	38	76
16	38	95
17	38	181
18	38	155
19	38	129
20	38	97
21	38	83
22	38	100
23	38	58
24	38	121
25	38	105
26	38	134
27	38	125
28	38	87
29	38	137
30	38	161
1	39	48
2	39	29
3	39	71
4	39	30
5	39	90
6	39	150
7	39	112
8	39	70
9	39	163
10	39	133
11	39	44
12	39	108
13	39	86
14	39	88
15	39	68
16	39	50
17	39	170
18	39	126
19	39	98
20	39	100
21	39	38
22	39	99
23	39	6
24	39	69
25	39	54
26	39	99
27	39	114
28	39	96
29	39	131
30	39	112
1	40	184
2	40	115
3	40	131
4	40	152
5	40	163
6	40	7
7	40	36
8	40	98
9	40	178
10	40	163
11	40	125
12	40	112
13	40	59
14	40	129
15	40	155
16	40	102
17	40	181
18	40	112
19	40	108
20	40	179
21	40	112
22	40	171
23	40	137
24	40	77
25	40	90
26	40	95
27	40	156
28	40	186
29	40	174
30	40	35
1	41	144
2	41	70
3	41	117
4	41	96
5	41	149
6	41	71
7	41	28
8	41	36
9	41	192
10	41	169
11	41	66
12	41	120
13	41	45
14	41	123
15	41	134
16	41	75
17	41	198
18	41	129
19	41	112
20	41	165
21	41	79
22	41	159
23	41	91
24	41	30
25	41	52
26	41	102
27	41	156
28	41	168
29	41	176
30	41	50
1	42	6
2	42	79
3	42	79
4	42	72
5	42	76
6	42	194
7	42	161
8	42	124
9	42	155
10	42	126
11	42	96
12	42	123
13	42	130
14	42	95
15	42	59
16	42	87
17	42	163
18	42	141
19	42	115
20	42	78
21	42	77
22	42	82
23	42	58
24	42	120
25	42	101
26	42	122
27	42	108
28	42	68
29	42	118
30	42	155
1	43	67
2	43	108
3	43	56
4	43	125
5	43	26
6	43	190
7	43	170
8	43	157
9	43	92
10	43	67
11	43	139
12	43	87
13	43	134
14	43	62
15	43	35
16	43	95
17	43	100
18	43	101
19	43	85
20	43	14
21	43	92
22	43	23
23	43	98
24	43	139
25	43	118
26	43	97
27	43	52
28	43	2
29	43	55
30	43	154
1	44	87
2	44	41
3	44	107
4	44	21
5	44	131
6	44	144
7	44	101
8	44	42
9	44	199
10	44	170
11	44	12
12	44	137
13	44	88
14	44	122
15	44	109
16	44	72
17	44	206
18	44	153
19	44	126
20	44	143
21	44	63
22	44	140
23	44	42
24	44	60
25	44	59
26	44	123
27	44	152
28	44	139
29	44	170
30	44	111
1	45	158
2	45	141
3	45	85
4	45	181
5	45	90
6	45	132
7	45	140
8	45	171
9	45	47
10	45	49
11	45	174
12	45	46
13	45	114
14	45	68
15	45	102
16	45	110
17	45	48
18	45	30
19	45	56
20	45	98
21	45	120
22	45	89
23	45	150
24	45	140
25	45	128
26	45	60
27	45	60
28	45	110
29	45	64
30	45	114
1	46	34
2	46	39
3	46	59
4	46	46
5	46	73
6	46	156
7	46	121
8	46	86
9	46	149
10	46	120
11	46	62
12	46	100
13	46	92
14	46	77
15	46	52
16	46	51
17	46	157
18	46	118
19	46	91
20	46	83
21	46	39
22	46	83
23	46	20
24	46	80
25	46	62
26	46	94
27	46	100
28	46	79
29	46	116
30	46	117
1	47	208
2	47	144
3	47	146
4	47	184
5	47	175
6	47	29
7	47	71
8	47	134
9	47	173
10	47	164
11	47	159
12	47	117
13	47	86
14	47	139
15	47	171
16	47	126
17	47	175
18	47	111
19	47	116
20	47	190
21	47	138
22	47	181
23	47	166
24	47	110
25	47	119
26	47	104
27	47	162
28	47	199
29	47	177
30	47	61
1	48	165
2	48	93
3	48	125
4	48	125
5	48	157
6	48	39
7	48	10
8	48	68
9	48	187
10	48	168
11	48	97
12	48	117
13	48	46
14	48	126
15	48	146
16	48	88
17	48	191
18	48	121
19	48	110
20	48	174
21	48	96
22	48	167
23	48	115
24	48	52
25	48	70
26	48	98
27	48	157
28	48	179
29	48	177
30	48	34
1	49	59
2	49	19
3	49	73
4	49	28
5	49	95
6	49	140
7	49	102
8	49	59
9	49	166
10	49	136
11	49	34
12	49	107
13	49	77
14	49	89
15	49	74
16	49	46
17	49	173
18	49	124
19	49	97
20	49	107
21	49	33
22	49	105
23	49	7
24	49	58
25	49	44
26	49	96
27	49	117
28	49	104
29	49	135
30	49	103
1	50	29
2	50	87
3	50	103
4	50	65
5	50	103
6	50	207
7	50	171
8	50	125
9	50	182
10	50	153
11	50	94
12	50	146
13	50	143
14	50	119
15	50	85
16	50	103
17	50	190
18	50	164
19	50	138
20	50	105
21	50	91
22	50	109
23	50	64
24	50	127
25	50	112
26	50	143
27	50	134
28	50	95
29	50	145
30	50	168
1	51	118
2	51	80
3	51	47
4	51	123
5	51	75
6	51	91
7	51	83
8	51	107
9	51	95
10	51	75
11	51	111
12	51	24
13	51	52
14	51	39
15	51	72
16	51	49
17	51	100
18	51	33
19	51	18
20	51	90
21	51	61
22	51	82
23	51	93
24	51	76
25	51	64
26	51	5
27	51	66
28	51	99
29	51	84
30	51	60
1	52	45
2	52	45
3	52	87
4	52	23
5	52	101
6	52	166
7	52	128
8	52	79
9	52	178
10	52	148
11	52	49
12	52	126
13	52	103
14	52	104
15	52	80
16	52	69
17	52	185
18	52	144
19	52	116
20	52	110
21	52	56
22	52	110
23	52	24
24	52	84
25	52	71
26	52	117
27	52	128
28	52	104
29	52	144
30	52	129
1	53	173
2	53	130
3	53	99
4	53	174
5	53	120
6	53	80
7	53	98
8	53	145
9	53	102
10	53	97
11	53	158
12	53	58
13	53	83
14	53	86
15	53	123
16	53	101
17	53	104
18	53	45
19	53	63
20	53	133
21	53	114
22	53	124
23	53	146
24	53	114
25	53	109
26	53	55
27	53	99
28	53	144
29	53	111
30	53	72
1	54	72
2	54	64
3	54	3
4	54	97
5	54	34
6	54	134
7	54	113
8	54	109
9	54	95
10	54	66
11	54	99
12	54	46
13	54	77
14	54	20
15	54	23
16	54	41
17	54	103
18	54	64
19	54	38
20	54	50
21	54	43
22	54	44
23	54	65
24	54	86
25	54	65
26	54	46
27	54	48
28	54	55
29	54	67
30	54	97
1	55	162
2	55	97
3	55	107
4	55	137
5	55	138
6	55	26
7	55	32
8	55	90
9	55	156
10	55	139
11	55	112
12	55	88
13	55	39
14	55	104
15	55	131
16	55	80
17	55	159
18	55	89
19	55	84
20	55	154
21	55	91
22	55	146
23	55	118
24	55	63
25	55	71
26	55	71
27	55	132
28	55	161
29	55	150
30	55	13
1	56	101
2	56	57
3	56	123
4	56	33
5	56	147
6	56	150
7	56	107
8	56	44
9	56	215
10	56	186
11	56	23
12	56	152
13	56	99
14	56	138
15	56	126
16	56	87
17	56	222
18	56	167
19	56	141
20	56	159
21	56	78
22	56	157
23	56	58
24	56	69
25	56	71
26	56	137
27	56	168
28	56	155
29	56	186
30	56	120
1	57	174
2	57	115
3	57	110
4	57	157
5	57	138
6	57	35
7	57	59
8	57	115
9	57	142
10	57	130
11	57	135
12	57	81
13	57	58
14	57	103
15	57	135
16	57	93
17	57	144
18	57	77
19	57	80
20	57	154
21	57	106
22	57	145
23	57	136
24	57	87
25	57	91
26	57	68
27	57	126
28	57	163
29	57	142
30	57	37
1	58	107
2	58	126
3	58	59
4	58	154
5	58	34
6	58	177
7	58	167
8	58	171
9	58	48
10	58	24
11	58	160
12	58	65
13	58	132
14	58	51
15	58	56
16	58	102
17	58	55
18	58	72
19	58	68
20	58	30
21	58	105
22	58	26
23	58	123
24	58	146
25	58	127
26	58	81
27	58	20
28	58	43
29	58	10
30	58	145
1	59	144
2	59	131
3	59	72
4	59	170
5	59	74
6	59	137
7	59	140
8	59	165
9	59	39
10	59	34
11	59	165
12	59	37
13	59	111
14	59	54
15	59	87
16	59	101
17	59	42
18	59	27
19	59	47
20	59	81
21	59	110
22	59	73
23	59	138
24	59	135
25	59	121
26	59	55
27	59	44
28	59	94
29	59	49
30	59	115
1	60	180
2	60	122
3	60	116
4	60	164
5	60	144
6	60	35
7	60	63
8	60	121
9	60	144
10	60	133
11	60	141
12	60	85
13	60	65
14	60	108
15	60	141
16	60	100
17	60	146
18	60	80
19	60	85
20	60	159
21	60	112
22	60	150
23	60	142
24	60	93
25	60	97
26	60	73
27	60	130
28	60	168
29	60	146
30	60	43
1	61	147
2	61	112
3	61	72
4	61	155
5	61	92
6	61	93
7	61	100
8	61	135
9	61	83
10	61	72
11	61	143
12	61	30
13	61	76
14	61	58
15	61	96
16	61	82
17	61	85
18	61	18
19	61	36
20	61	105
21	61	94
22	61	95
23	61	125
24	61	104
25	61	95
26	61	31
27	61	71
28	61	116
29	61	85
30	61	74
1	62	7
2	62	80
3	62	76
4	62	75
5	62	72
6	62	194
7	62	161
8	62	126
9	62	151
10	62	122
11	62	99
12	62	120
13	62	130
14	62	92
15	62	56
16	62	87
17	62	159
18	62	138
19	62	112
20	62	74
21	62	76
22	62	78
23	62	60
24	62	121
25	62	102
26	62	119
27	62	104
28	62	63
29	62	114
30	62	155
1	63	117
2	63	120
3	63	54
4	63	154
5	63	43
6	63	156
7	63	149
8	63	161
9	63	38
10	63	9
11	63	155
12	63	43
13	63	116
14	63	40
15	63	61
16	63	93
17	63	46
18	63	48
19	63	49
20	63	48
21	63	99
22	63	40
23	63	122
24	63	134
25	63	116
26	63	61
27	63	12
28	63	61
29	63	18
30	63	126
1	64	31
2	64	42
3	64	64
4	64	44
5	64	77
6	64	160
7	64	125
8	64	87
9	64	154
10	64	124
11	64	62
12	64	105
13	64	96
14	64	82
15	64	56
16	64	56
17	64	161
18	64	124
19	64	96
20	64	86
21	64	43
22	64	86
23	64	22
24	64	83
25	64	65
26	64	99
27	64	104
28	64	81
29	64	120
30	64	121
1	65	118
2	65	78
3	65	49
4	65	121
5	65	77
6	65	88
7	65	80
8	65	104
9	65	98
10	65	78
11	65	109
12	65	27
13	65	49
14	65	41
15	65	74
16	65	48
17	65	103
18	65	36
19	65	20
20	65	92
21	65	60
22	65	84
23	65	92
24	65	73
25	65	62
26	65	8
27	65	68
28	65	101
29	65	87
30	65	57
1	66	126
2	66	55
3	66	116
4	66	69
5	66	147
6	66	102
7	66	59
8	66	7
9	66	201
10	66	175
11	66	39
12	66	131
13	66	61
14	66	126
15	66	129
16	66	73
17	66	207
18	66	143
19	66	121
20	66	162
21	66	72
22	66	157
23	66	73
24	66	33
25	66	49
26	66	113
27	66	159
28	66	162
29	66	179
30	66	76
1	67	63
2	67	52
3	67	104
4	67	10
5	67	121
6	67	169
7	67	128
8	67	72
9	67	196
10	67	166
11	67	40
12	67	141
13	67	108
14	67	121
15	67	99
16	67	80
17	67	203
18	67	158
19	67	131
20	67	130
21	67	68
22	67	130
23	67	37
24	67	84
25	67	76
26	67	131
27	67	147
28	67	124
29	67	163
30	67	133
1	68	114
2	68	110
3	68	45
4	68	146
5	68	44
6	68	142
7	68	136
8	68	149
9	68	48
10	68	22
11	68	145
12	68	30
13	68	103
14	68	29
15	68	57
16	68	82
17	68	55
18	68	36
19	68	35
20	68	53
21	68	88
22	68	44
23	68	113
24	68	122
25	68	104
26	68	47
27	68	16
28	68	65
29	68	32
30	68	113
1	69	177
2	69	125
3	69	108
4	69	168
5	69	134
6	69	54
7	69	78
8	69	131
9	69	127
10	69	118
11	69	148
12	69	73
13	69	71
14	69	98
15	69	133
16	69	99
17	69	129
18	69	65
19	69	75
20	69	148
21	69	112
22	69	139
23	69	144
24	69	101
25	69	101
26	69	64
27	69	117
28	69	158
29	69	132
30	69	54
1	70	154
2	70	81
3	70	134
4	70	100
5	70	166
6	70	82
7	70	43
8	70	38
9	70	211
10	70	188
11	70	70
12	70	140
13	70	64
14	70	141
15	70	150
16	70	91
17	70	217
18	70	148
19	70	131
20	70	182
21	70	94
22	70	176
23	70	101
24	70	46
25	70	67
26	70	121
27	70	174
28	70	184
29	70	194
30	70	68
1	71	110
2	71	61
3	71	49
4	71	105
5	71	81
6	71	84
7	71	67
8	71	86
9	71	114
10	71	91
11	71	91
12	71	43
13	71	33
14	71	48
15	71	73
16	71	32
17	71	120
18	71	54
19	71	34
20	71	97
21	71	45
22	71	89
23	71	77
24	71	55
25	71	43
26	71	24
27	71	79
28	71	104
29	71	99
30	71	48
1	72	163
2	72	135
3	72	87
4	72	177
5	72	100
6	72	112
7	72	123
8	72	160
9	72	69
10	72	67
11	72	167
12	72	44
13	72	100
14	72	71
15	72	108
16	72	104
17	72	70
18	72	26
19	72	53
20	72	110
21	72	115
22	72	101
23	72	146
24	72	128
25	72	119
26	72	53
27	72	73
28	72	122
29	72	82
30	72	97
1	73	160
2	73	97
3	73	102
4	73	138
5	73	133
6	73	31
7	73	39
8	73	95
9	73	148
10	73	132
11	73	115
12	73	81
13	73	39
14	73	98
15	73	126
16	73	78
17	73	151
18	73	81
19	73	77
20	73	149
21	73	90
22	73	140
23	73	118
24	73	67
25	73	72
26	73	64
27	73	125
28	73	156
29	73	143
30	73	16
1	74	81
2	74	17
3	74	56
4	74	61
5	74	86
6	74	108
7	74	74
8	74	55
9	74	144
10	74	117
11	74	50
12	74	78
13	74	44
14	74	67
15	74	68
16	74	14
17	74	151
18	74	94
19	74	68
20	74	101
21	74	12
22	74	96
23	74	36
24	74	35
25	74	14
26	74	64
27	74	100
28	74	103
29	74	119
30	74	69
1	75	186
2	75	135
3	75	116
4	75	178
5	75	140
6	75	59
7	75	86
8	75	141
9	75	128
10	75	122
11	75	158
12	75	79
13	75	81
14	75	105
15	75	141
16	75	109
17	75	129
18	75	69
19	75	82
20	75	154
21	75	122
22	75	145
23	75	153
24	75	111
25	75	111
26	75	71
27	75	122
28	75	165
29	75	136
30	75	63
;		

param c:=		
1	1	81.42514182
2	1	103.2560492
3	1	43.84170863
4	1	119.7798321
5	1	28.66521229
6	1	126.4511939
7	1	111.989667
8	1	139.1610524
9	1	37.85110948
10	1	12.86383225
11	1	127.6417808
12	1	45.05281887
13	1	92.39718969
14	1	35.51838285
15	1	42.42761716
16	1	76.25089044
17	1	37.41070691
18	1	44.12966626
19	1	42.6973219
20	1	32.21849532
21	1	82.90930799
22	1	30.1435053
23	1	96.6377649
24	1	113.0084746
25	1	86.97650039
26	1	49.84563218
27	1	11.3821469
28	1	40.22463311
29	1	12.89012752
30	1	93.50014114
1	2	161.7735097
2	2	151.6213387
3	2	78.4511465
4	2	184.5222908
5	2	67.87037554
6	2	182.3718837
7	2	178.5712537
8	2	200.7448385
9	2	39.56790765
10	2	19.03671719
11	2	186.3774794
12	2	51.68879145
13	2	135.4764827
14	2	53.98549631
15	2	81.68258452
16	2	106.8941748
17	2	53.35143998
18	2	48.03580413
19	2	55.59387083
20	2	76.0794842
21	2	132.970897
22	2	68.20825944
23	2	152.4656702
24	2	158.1839999
25	2	131.3240834
26	2	67.04882725
27	2	30.94213507
28	2	88.36997431
29	2	34.30393572
30	2	149.8897965
1	3	37.12270519
2	3	80.79782898
3	3	88.92262862
4	3	99.00547178
5	3	93.23733486
6	3	233.2691078
7	3	209.5225227
8	3	139.8390002
9	3	227.7643574
10	3	170.517384
11	3	119.6775775
12	3	158.5167538
13	3	165.9433997
14	3	128.8122502
15	3	68.68034122
16	3	100.9095847
17	3	219.0913934
18	3	182.9813377
19	3	149.7435151
20	3	120.2206925
21	3	75.23589933
22	3	123.99116
23	3	59.0308001
24	3	151.0178568
25	3	115.5076498
26	3	134.9763663
27	3	158.1538005
28	3	112.9976246
29	3	175.2096125
30	3	177.5713296
1	4	384.5567057
2	4	214.6035113
3	4	279.8004742
4	4	301.5917881
5	4	339.1557988
6	4	79.148896
7	4	42.70915228
8	4	173.4416208
9	4	423.2235076
10	4	326.3372089
11	4	212.4693196
12	4	267.383849
13	4	109.1545024
14	4	290.0894927
15	4	335.6100486
16	4	180.8997761
17	4	395.6244447
18	4	252.862855
19	4	261.6528275
20	4	403.5773787
21	4	233.8414846
22	4	331.5821576
23	4	282.5742878
24	4	122.5397106
25	4	164.0002331
26	4	232.3710711
27	4	338.4084081
28	4	346.9291084
29	4	403.0844556
30	4	84.70083055
1	5	289.2222392
2	5	224.6820966
3	5	160.5713986
4	5	277.5728709
5	5	212.2621513
6	5	145.0496496
7	5	168.7247849
8	5	267.2619173
9	5	155.0358809
10	5	159.7962653
11	5	241.4650951
12	5	86.22695306
13	5	136.661627
14	5	146.6929616
15	5	186.551425
16	5	160.7591265
17	5	169.1904364
18	5	74.93282711
19	5	94.66636994
20	5	231.3752537
21	5	170.7459789
22	5	210.8501354
23	5	246.619628
24	5	198.2718867
25	5	162.3149428
26	5	91.5813232
27	5	164.8729514
28	5	216.1247521
29	5	177.3014256
30	5	120.001573
1	6	98.53855632
2	6	123.5714374
3	6	153.1269863
4	6	147.7069875
5	6	171.4917865
6	6	384.8702024
7	6	312.6320885
8	6	233.9923306
9	6	387.3366972
10	6	310.7151666
11	6	188.3201742
12	6	243.0738468
13	6	239.5192837
14	6	178.3193373
15	6	129.2538627
16	6	129.5442032
17	6	377.4090537
18	6	299.0339743
19	6	207.6868798
20	6	208.7715965
21	6	113.1541095
22	6	188.721304
23	6	69.60619404
24	6	210.0698754
25	6	173.8336027
26	6	217.7649399
27	6	250.618707
28	6	183.3484022
29	6	264.6589125
30	6	313.0868429
1	7	43.59097304
2	7	120.5438313
3	7	145.3110999
4	7	93.78124327
5	7	156.3806181
6	7	318.5441832
7	7	260.6276285
8	7	203.5321227
9	7	329.0810176
10	7	270.7692944
11	7	138.121101
12	7	234.5716469
13	7	222.1439257
14	7	187.3198158
15	7	132.5876543
16	7	139.406001
17	7	335.3334633
18	7	271.0118584
19	7	198.3069405
20	7	188.4484365
21	7	115.4373787
22	7	194.9625871
23	7	74.6401321
24	7	208.6282806
25	7	151.3419664
26	7	229.666628
27	7	200.7421177
28	7	171.5540851
29	7	264.9004844
30	7	275.5575897
1	8	91.66281421
2	8	95.65824539
3	8	158.3107096
4	8	62.75138365
5	8	179.362658
6	8	355.6334375
7	8	249.7748639
8	8	172.7380915
9	8	332.6394533
10	8	302.3761344
11	8	101.5485307
12	8	233.8342611
13	8	219.0651314
14	8	193.0697644
15	8	168.2989862
16	8	128.3539055
17	8	386.4738345
18	8	264.0576441
19	8	222.8116677
20	8	225.9592361
21	8	111.9215768
22	8	222.6334473
23	8	54.32835983
24	8	170.4586988
25	8	146.6730425
26	8	223.7806647
27	8	246.2357968
28	8	214.1228511
29	8	289.8228838
30	8	240.9187737
1	9	44.25688024
2	9	157.6432162
3	9	144.6216137
4	9	145.9888228
5	9	142.0073516
6	9	313.2661366
7	9	276.5533778
8	9	239.0111526
9	9	235.5851987
10	9	190.0359228
11	9	173.4881532
12	9	199.9621062
13	9	235.3153473
14	9	166.0873615
15	9	110.4936213
16	9	149.8252926
17	9	260.5717253
18	9	248.8028892
19	9	211.4016772
20	9	132.7838459
21	9	142.168732
22	9	134.477351
23	9	121.3441211
24	9	223.6579918
25	9	202.1124335
26	9	226.8371239
27	9	166.5538847
28	9	113.7017877
29	9	198.9082043
30	9	281.1334528
1	10	113.1876547
2	10	40.82559726
3	10	98.43090881
4	10	54.20823589
5	10	131.4895779
6	10	113.9142749
7	10	77.02771361
8	10	15.56010225
9	10	202.3105493
10	10	181.4163576
11	10	23.95790195
12	10	121.2947391
13	10	65.84253447
14	10	109.2118134
15	10	113.7550993
16	10	69.4365131
17	10	210.6913644
18	10	149.8002834
19	10	112.0281068
20	10	138.2498133
21	10	65.35254175
22	10	158.2192866
23	10	57.59677243
24	10	36.60242449
25	10	42.19388853
26	10	109.7217345
27	10	165.5007156
28	10	147.8159956
29	10	178.1682941
30	10	86.21731213
1	11	106.5220697
2	11	61.44815083
3	11	143.8015013
4	11	33.85444538
5	11	169.0808107
6	11	182.6284923
7	11	126.0219147
8	11	55.38331129
9	11	254.2871956
10	11	213.428708
11	11	22.44742449
12	11	188.8378748
13	11	113.5064656
14	11	166.555543
15	11	144.8818078
16	11	91.92041007
17	11	265.3389743
18	11	203.4371289
19	11	176.1580487
20	11	175.5098046
21	11	92.12764149
22	11	196.0814929
23	11	63.0537587
24	11	74.65552897
25	11	85.37555888
26	11	164.927543
27	11	205.3093005
28	11	172.144705
29	11	204.3831635
30	11	131.9123358
1	12	79.41570798
2	12	39.78689225
3	12	85.83821808
4	12	27.80139645
5	12	104.7707582
6	12	111.4812089
7	12	83.58521071
8	12	32.05663763
9	12	163.310867
10	12	135.1970322
11	12	18.01657447
12	12	117.9809317
13	12	69.93370091
14	12	92.85943288
15	12	88.849129
16	12	69.00515896
17	12	166.9636435
18	12	130.3163013
19	12	106.0278657
20	12	114.1375004
21	12	57.63454511
22	12	120.739856
23	12	46.14317028
24	12	49.41288059
25	12	49.35445352
26	12	92.46391598
27	12	129.7198079
28	12	118.9665366
29	12	132.152908
30	12	86.33880572
1	13	44.33942114
2	13	211.7376325
3	13	181.2018967
4	13	191.4659552
5	13	153.0823704
6	13	450.2924459
7	13	376.3243558
8	13	288.8074501
9	13	306.1271511
10	13	267.8093619
11	13	258.1587422
12	13	261.4870263
13	13	311.6894022
14	13	205.3222274
15	13	126.5244968
16	13	187.6605658
17	13	346.2357788
18	13	326.4311244
19	13	251.1893093
20	13	164.4294441
21	13	169.1168541
22	13	177.7319803
23	13	146.0759045
24	13	263.0913083
25	13	225.4936896
26	13	267.9152265
27	13	218.4809784
28	13	124.7552848
29	13	236.5399191
30	13	320.7008144
1	14	133.8150826
2	14	111.7746157
3	14	46.68250627
4	14	163.4272135
5	14	74.88542138
6	14	135.0288461
7	14	126.3625844
8	14	172.6259706
9	14	103.427525
10	14	69.20147716
11	14	171.5227313
12	14	16.41858608
13	14	86.68688975
14	14	33.14694804
15	14	78.00126955
16	14	84.13070354
17	14	106.8091129
18	14	39.41145583
19	14	11.88354197
20	14	99.69425022
21	14	85.28493961
22	14	84.25514149
23	14	133.1737708
24	14	130.9588025
25	14	92.29173154
26	14	26.62767416
27	14	58.36266113
28	14	109.9968696
29	14	78.79806725
30	14	100.7342986
1	15	59.3076562
2	15	121.9171416
3	15	103.3789262
4	15	150.8832551
5	15	104.6697369
6	15	332.0402748
7	15	257.0146694
8	15	216.5152238
9	15	236.6436746
10	15	182.4505712
11	15	157.6737756
12	15	194.8236042
13	15	191.7961367
14	15	126.577917
15	15	67.53237156
16	15	118.5562282
17	15	273.5206487
18	15	209.3084118
19	15	157.4377749
20	15	116.5316991
21	15	93.7796081
22	15	130.5228966
23	15	86.09513328
24	15	170.9542158
25	15	166.1211981
26	15	185.7320552
27	15	163.1374679
28	15	115.9592216
29	15	185.0957336
30	15	245.0126327
1	16	70.25802689
2	16	42.44270705
3	16	100.4157336
4	16	28.10541936
5	16	111.8120043
6	16	190.8231537
7	16	137.4103905
8	16	80.73560865
9	16	212.8457934
10	16	182.2522438
11	16	52.76064032
12	16	152.0865192
13	16	109.4603212
14	16	117.567476
15	16	85.58532593
16	16	77.02920116
17	16	200.1035447
18	16	148.785821
19	16	134.5800851
20	16	125.6367507
21	16	60.85816186
22	16	120.3169086
23	16	18.01342851
24	16	87.94039626
25	16	71.16370213
26	16	125.1900095
27	16	136.6296032
28	16	118.1616331
29	16	171.2485986
30	16	124.4082092
1	17	294.9285282
2	17	198.3586967
3	17	121.8080841
4	17	323.3951788
5	17	184.6573197
6	17	256.0631133
7	17	237.957746
8	17	310.2610852
9	17	221.4253362
10	17	183.0808008
11	17	269.1709416
12	17	55.38481437
13	17	164.095524
14	17	99.53216722
15	17	178.5487206
16	17	134.5161688
17	17	256.4667295
18	17	81.73773497
19	17	47.26185456
20	17	223.3580402
21	17	169.2154794
22	17	186.0261924
23	17	238.8262378
24	17	209.0747267
25	17	175.9383212
26	17	15.33143022
27	17	155.1694362
28	17	246.4898563
29	17	205.5175196
30	17	182.6695481
1	18	89.14674876
2	18	88.9173931
3	18	53.75982773
4	18	142.4247245
5	18	87.58796822
6	18	221.7870075
7	18	203.3072738
8	18	175.4709807
9	18	203.1928404
10	18	146.460997
11	18	126.7986952
12	18	120.4193504
13	18	131.7192502
14	18	76.12538178
15	18	43.96488141
16	18	69.82036996
17	18	191.7053015
18	18	154.6729264
19	18	100.8494638
20	18	101.2111018
21	18	55.50587241
22	18	98.87167773
23	18	86.00993807
24	18	145.6412088
25	18	100.4670865
26	18	111.0719711
27	18	118.1233857
28	18	109.9119676
29	18	133.7660588
30	18	179.4625189
1	19	150.2383524
2	19	100.9408187
3	19	97.67137846
4	19	117.3834316
5	19	114.5066799
6	19	31.89535105
7	19	53.00277947
8	19	90.65886948
9	19	101.0188566
10	19	104.1793783
11	19	104.3972308
12	19	69.3225406
13	19	58.23002402
14	19	84.17960523
15	19	116.1536298
16	19	82.77325153
17	19	118.559614
18	19	59.09369171
19	19	75.11758888
20	19	133.4393787
21	19	89.31321356
22	19	115.5862872
23	19	105.0172239
24	19	82.39940722
25	19	83.49001476
26	19	63.95868878
27	19	92.8870359
28	19	132.798037
29	19	103.9381068
30	19	44.72808257
1	20	359.5623018
2	20	265.5625577
3	20	196.6723229
4	20	312.4366894
5	20	254.14363
6	20	125.9247802
7	20	179.2699783
8	20	284.3077897
9	20	224.0214378
10	20	223.241675
11	20	291.5432705
12	20	144.7961578
13	20	137.4739396
14	20	201.1577179
15	20	233.3754872
16	20	201.9093514
17	20	236.1730074
18	20	115.4003454
19	20	123.9285583
20	20	302.7225257
21	20	205.3179808
22	20	286.5607547
23	20	270.9085009
24	20	200.491665
25	20	206.6591939
26	20	117.8359034
27	20	240.3227376
28	20	296.7604908
29	20	274.5601259
30	20	103.0891807
1	21	106.4207712
2	21	63.87377083
3	21	81.73481134
4	21	78.15483749
5	21	112.1761661
6	21	32.5926743
7	21	14.75474323
8	21	47.47506744
9	21	133.6655633
10	21	108.7259927
11	21	66.01667282
12	21	90.17757073
13	21	37.4855216
14	21	85.27845611
15	21	105.0776428
16	21	61.08604707
17	21	121.1972866
18	21	84.61738055
19	21	73.650717
20	21	109.174902
21	21	69.180628
22	21	123.567393
23	21	80.27134161
24	21	40.8478932
25	21	51.54281267
26	21	68.82531575
27	21	117.3845736
28	21	114.4866509
29	21	114.3683732
30	21	33.13366943
1	22	96.37739377
2	22	89.16252746
3	22	50.46199277
4	22	118.7184104
5	22	44.16093058
6	22	107.6000615
7	22	118.2636752
8	22	132.4476058
9	22	10.03432998
10	22	18.98263607
11	22	118.7114233
12	22	50.2043318
13	22	94.53852917
14	22	44.20133208
15	22	51.39553883
16	22	77.12226308
17	22	15.05971979
18	22	45.38547932
19	22	52.12040577
20	22	45.80420282
21	22	84.31441286
22	22	43.7516526
23	22	87.09421135
24	22	96.26377547
25	22	90.80673704
26	22	61.69424341
27	22	25.9964982
28	22	53.08235718
29	22	19.00962029
30	22	100.1109247
1	23	133.0344385
2	23	85.73482611
3	23	135.4020747
4	23	84.81297253
5	23	164.4145202
6	23	116.89955
7	23	78.08676746
8	23	37.20249696
9	23	224.5081292
10	23	185.9993894
11	23	59.84727076
12	23	144.8947125
13	23	89.13555362
14	23	150.9436979
15	23	164.5725371
16	23	96.45298839
17	23	245.6785747
18	23	163.1144666
19	23	146.9786592
20	23	175.2292311
21	23	91.08069871
22	23	181.7161893
23	23	93.29885873
24	23	64.07797067
25	23	78.31358497
26	23	145.0862452
27	23	177.6289632
28	23	169.7845416
29	23	207.5253506
30	23	95.21012401
1	24	247.8948343
2	24	160.357433
3	24	126.8044563
4	24	208.3836685
5	24	161.9316077
6	24	102.5314757
7	24	106.5852114
8	24	178.0953951
9	24	163.2775371
10	24	160.6497579
11	24	207.3180717
12	24	88.07259735
13	24	83.67266918
14	24	116.5706442
15	24	171.9260204
16	24	104.5326242
17	24	167.0836599
18	24	70.49816392
19	24	79.960817
20	24	198.2992758
21	24	140.477202
22	24	183.4345781
23	24	179.5131614
24	24	123.2411878
25	24	125.708291
26	24	60.16320437
27	24	142.8836818
28	24	200.6625259
29	24	191.2139973
30	24	75.58794352
1	25	24.84308109
2	25	188.5039803
3	25	181.8030415
4	25	163.4093772
5	25	210.9695165
6	25	465.2450859
7	25	413.4416064
8	25	283.4981216
9	25	375.4571556
10	25	317.8769262
11	25	226.3544981
12	25	315.3034943
13	25	284.3859079
14	25	221.8162268
15	25	158.415388
16	25	188.4242822
17	25	435.895949
18	25	351.2056952
19	25	282.2970845
20	25	186.4522026
21	25	165.4629388
22	25	202.3141128
23	25	114.2643262
24	25	265.9233139
25	25	208.5233203
26	25	263.1622038
27	25	288.6545622
28	25	189.964815
29	25	304.9874914
30	25	330.5633663
1	26	219.7043605
2	26	75.2939385
3	26	179.7603497
4	26	145.6904139
5	26	250.1613429
6	26	171.042248
7	26	117.1434243
8	26	60.40661471
9	26	354.9589165
10	26	305.8221181
11	26	79.91152161
12	26	218.2307691
13	26	75.54837351
14	26	196.0017283
15	26	203.7131481
16	26	83.21055901
17	26	356.9870694
18	26	213.8546902
19	26	180.4981922
20	26	263.9720293
21	26	88.82628566
22	26	267.3307344
23	26	105.3163942
24	26	24.47619663
25	26	44.17969686
26	26	182.2199663
27	26	255.2198437
28	26	245.5419795
29	26	307.4995622
30	26	121.2129003
1	27	116.3809469
2	27	50.95744533
3	27	94.65903382
4	27	58.88640624
5	27	139.4222866
6	27	91.84584663
7	27	62.66555518
8	27	5.541908208
9	27	172.3637092
10	27	153.2653693
11	27	33.99521337
12	27	114.6072123
13	27	61.02235239
14	27	115.3044159
15	27	119.1137485
16	27	62.7782716
17	27	170.5024707
18	27	125.116959
19	27	113.0437793
20	27	149.6571885
21	27	60.48399811
22	27	128.9417481
23	27	62.26807704
24	27	29.89751205
25	27	45.69452123
26	27	96.45955039
27	27	153.363256
28	27	136.762486
29	27	146.1302576
30	27	76.77453373
1	28	44.01847813
2	28	137.9179391
3	28	142.8604708
4	28	135.294827
5	28	126.8869371
6	28	269.765804
7	28	245.980231
8	28	205.1054685
9	28	218.3044926
10	28	169.7814048
11	28	148.8390843
12	28	179.3613248
13	28	187.9688491
14	28	162.8057103
15	28	109.8965785
16	28	150.0938124
17	28	232.1189528
18	28	206.8761089
19	28	187.7324102
20	28	123.5803908
21	28	147.1055438
22	28	123.5459557
23	28	103.2617119
24	28	176.5156021
25	28	156.9620275
26	28	191.8244731
27	28	157.0221325
28	28	99.94700892
29	28	184.1050347
30	28	244.7961779
1	29	210.0660368
2	29	164.0854893
3	29	107.7735324
4	29	223.3269652
5	29	154.5032357
6	29	148.3236885
7	29	168.2927358
8	29	211.0629438
9	29	178.027685
10	29	134.5437769
11	29	234.8333774
12	29	50.80446742
13	29	103.9476203
14	29	91.94952681
15	29	150.9801245
16	29	112.1381556
17	29	184.2255335
18	29	54.92914441
19	29	47.82009731
20	29	175.0755023
21	29	145.9720437
22	29	160.5424176
23	29	184.8879879
24	29	164.0781337
25	29	137.9048644
26	29	30.50255228
27	29	116.398239
28	29	174.6405466
29	29	164.2381377
30	29	115.0887855
1	30	24.94023208
2	30	57.6287021
3	30	67.95084565
4	30	70.93614054
5	30	71.56191625
6	30	182.206167
7	30	158.1326167
8	30	113.0292373
9	30	143.267782
10	30	136.2121164
11	30	78.6703326
12	30	123.188757
13	30	120.5719678
14	30	88.39436595
15	30	50.42273048
16	30	65.36675661
17	30	153.3926387
18	30	131.9758732
19	30	98.70195762
20	30	82.39321712
21	30	57.74748425
22	30	78.83846045
23	30	39.36689252
24	30	106.6013721
25	30	82.88896316
26	30	114.5786237
27	30	113.473167
28	30	78.97542633
29	30	116.7227618
30	30	141.2112982
1	31	37.66742708
2	31	84.49238488
3	31	103.2170253
4	31	56.32766005
5	31	122.4227616
6	31	200.5431229
7	31	162.6248703
8	31	117.8619209
9	31	209.5636564
10	31	177.7143129
11	31	84.38757758
12	31	159.2050368
13	31	145.3699397
14	31	130.2073111
15	31	94.27389939
16	31	106.3388266
17	31	192.4473943
18	31	171.153513
19	31	145.1139109
20	31	120.5845553
21	31	100.5714348
22	31	129.4326088
23	31	58.99878368
24	31	116.4156231
25	31	105.166616
26	31	137.0761122
27	31	143.6934516
28	31	113.7090168
29	31	165.9906459
30	31	171.927516
1	32	164.6871759
2	32	117.1683371
3	32	74.26968164
4	32	170.9088902
5	32	110.6385013
6	32	114.4824862
7	32	112.6283847
8	32	173.9475265
9	32	117.957731
10	32	98.97345932
11	32	180.3276963
12	32	35.48663362
13	32	80.42747872
14	32	63.29630225
15	32	102.4551745
16	32	98.41637139
17	32	113.3985389
18	32	32.17939384
19	32	31.6943309
20	32	115.871863
21	32	109.7607904
22	32	114.9306786
23	32	140.5344956
24	32	127.2477948
25	32	104.0466584
26	32	26.13539126
27	32	96.72382938
28	32	133.8424805
29	32	108.8276673
30	32	99.77647591
1	33	50.01211413
2	33	120.3202135
3	33	107.8848409
4	33	132.9547294
5	33	116.2782325
6	33	333.6610325
7	33	280.3272533
8	33	211.3934955
9	33	288.3230695
10	33	209.5686201
11	33	169.9505213
12	33	203.8706464
13	33	191.6361247
14	33	145.9646911
15	33	91.83066765
16	33	119.8763797
17	33	274.8727644
18	33	227.2904219
19	33	167.2049312
20	33	131.9852062
21	33	110.2271826
22	33	142.9485871
23	33	87.27536044
24	33	187.7596845
25	33	165.55185
26	33	178.5682978
27	33	183.2515845
28	33	135.8834655
29	33	220.6188315
30	33	247.2642977
1	34	73.16385531
2	34	172.1920783
3	34	107.4509332
4	34	194.5730401
5	34	89.37378235
6	34	354.8329503
7	34	312.4698414
8	34	254.7770474
9	34	217.5472065
10	34	157.320401
11	34	228.3576413
12	34	198.3689949
13	34	248.0165634
14	34	147.3097849
15	34	79.42993684
16	34	174.5719858
17	34	223.1672178
18	34	227.1722557
19	34	190.8370209
20	34	80.7205484
21	34	158.3627184
22	34	84.77553719
23	34	126.7722081
24	34	208.3196181
25	34	205.1487581
26	34	185.6224074
27	34	149.5257237
28	34	61.03361023
29	34	144.5030845
30	34	287.7380672
1	35	207.169745
2	35	156.1094339
3	35	82.81027819
4	35	211.2719094
5	35	115.5141264
6	35	170.6442666
7	35	158.3527166
8	35	193.5472775
9	35	135.3910653
10	35	116.8552943
11	35	210.010301
12	35	30.01724067
13	35	109.2308917
14	35	78.69597926
15	35	132.5822981
16	35	100.5892607
17	35	130.4280111
18	35	33.92265729
19	35	37.15392246
20	35	148.7680413
21	35	133.7683223
22	35	125.3413482
23	35	185.006958
24	35	144.2593973
25	35	131.7154757
26	35	25.55589633
27	35	101.765335
28	35	179.960579
29	35	117.4766711
30	35	109.3859043
1	36	246.437123
2	36	151.6519913
3	36	156.4976436
4	36	250.5298051
5	36	208.6979243
6	36	109.5247373
7	36	78.46840518
8	36	158.1721306
9	36	257.4983566
10	36	244.5619032
11	36	169.2999854
12	36	143.672264
13	36	41.17706929
14	36	182.0305146
15	36	225.8943421
16	36	123.576697
17	36	266.9749647
18	36	163.4289149
19	36	125.059488
20	36	271.7722612
21	36	125.5956774
22	36	262.2111302
23	36	198.4502456
24	36	90.29129141
25	36	92.8136077
26	36	105.0748736
27	36	212.9055574
28	36	292.1848813
29	36	271.2912469
30	36	29.07861584
1	37	231.8573153
2	37	130.4682433
3	37	117.2142467
4	37	216.2474472
5	37	182.7018764
6	37	188.3090215
7	37	155.4854525
8	37	163.0666324
9	37	269.6111866
10	37	221.6832045
11	37	178.2587539
12	37	122.1051877
13	37	73.90053182
14	37	114.2518785
15	37	154.2685506
16	37	61.36212343
17	37	275.6314054
18	37	154.3314799
19	37	87.93495917
20	37	195.6503976
21	37	91.06076247
22	37	202.8300689
23	37	143.9571678
24	37	117.6103162
25	37	91.98854109
26	37	80.40111907
27	37	187.105389
28	37	229.6088484
29	37	242.5421323
30	37	124.6202856
1	38	34.58470658
2	38	108.3411659
3	38	118.2321877
4	38	86.35894286
5	38	121.6325151
6	38	266.3891451
7	38	238.3169405
8	38	178.1768365
9	38	254.1357617
10	38	210.9569073
11	38	135.4073135
12	38	172.2763128
13	38	186.7641392
14	38	145.4956761
15	38	115.2478082
16	38	136.0806336
17	38	224.0731857
18	38	220.4092076
19	38	191.3684612
20	38	145.6462057
21	38	114.4086697
22	38	136.509845
23	38	77.99861209
24	38	155.2874073
25	38	151.6772979
26	38	164.7841079
27	38	184.228817
28	38	119.7386567
29	38	167.5539783
30	38	226.6697546
1	39	26.81425568
2	39	18.40780061
3	39	39.06994694
4	39	16.66537876
5	39	46.68560065
6	39	85.08247741
7	39	61.44819628
8	39	35.00314198
9	39	76.42545962
10	39	68.94417002
11	39	26.61906087
12	39	53.38902025
13	39	47.52569473
14	39	49.63745673
15	39	38.28243816
16	39	30.13166526
17	39	93.22597836
18	39	63.34337689
19	39	52.46598002
20	39	51.93535626
21	39	20.95648213
22	39	53.58879932
23	39	5.876293264
24	39	38.22973621
25	39	30.82767257
26	39	51.6362875
27	39	55.4935784
28	39	50.43944969
29	39	69.11002219
30	39	57.12167114
1	40	402.9645541
2	40	254.0114184
3	40	286.2088731
4	40	328.2722234
5	40	356.660471
6	40	25.03570289
7	40	79.71950356
8	40	212.6787337
9	40	392.1289998
10	40	328.5696534
11	40	287.7118413
12	40	229.5838551
13	40	118.2486006
14	40	257.4565748
15	40	318.2435644
16	40	215.1494178
17	40	364.3957397
18	40	218.6507872
19	40	246.464632
20	40	341.3810713
21	40	237.3305316
22	40	366.9430491
23	40	300.3338406
24	40	158.7379218
25	40	189.3631319
26	40	202.0637766
27	40	315.6945156
28	40	400.461039
29	40	393.2302166
30	40	81.10121321
1	41	182.3412853
2	41	102.9179685
3	41	150.6921011
4	41	116.5297031
5	41	195.7163856
6	41	95.1599382
7	41	41.52088106
8	41	47.11433016
9	41	237.8777023
10	41	222.1915801
11	41	92.74400678
12	41	166.5416757
13	41	60.47506497
14	41	169.2607485
15	41	172.0063132
16	41	91.712686
17	41	254.5213775
18	41	178.4109422
19	41	153.3387898
20	41	229.5116095
21	41	101.4870686
22	41	207.3281191
23	41	113.3907168
24	41	43.68587619
25	41	70.31721096
26	41	145.4379833
27	41	194.8061585
28	41	213.5986115
29	41	226.1087638
30	41	66.4340725
1	42	26.38491515
2	42	205.0071883
3	42	210.0109577
4	42	194.9445349
5	42	187.1089294
6	42	515.093383
7	42	391.5720466
8	42	290.7704102
9	42	356.7828441
10	42	340.2905815
11	42	223.2329587
12	42	326.4636077
13	42	312.9974769
14	42	231.1983704
15	42	151.5345023
16	42	241.3106151
17	42	409.2365492
18	42	386.5400023
19	42	271.0980757
20	42	188.1619715
21	42	212.7081776
22	42	214.1352931
23	42	151.7998091
24	42	309.6291525
25	42	270.3458302
26	42	305.1090022
27	42	296.8016737
28	42	164.4950575
29	42	308.1852251
30	42	402.4910732
1	43	180.3135937
2	43	240.7177246
3	43	144.7728255
4	43	315.0417156
5	43	79.66230166
6	43	439.6384294
7	43	386.6070768
8	43	416.7441192
9	43	249.8398105
10	43	153.6000055
11	43	307.3249574
12	43	216.109813
13	43	331.4289476
14	43	162.2648679
15	43	90.97363701
16	43	214.0442121
17	43	236.4091364
18	43	272.3862083
19	43	223.5874994
20	43	47.60320529
21	43	239.2217516
22	43	64.71778708
23	43	234.9887528
24	43	350.4083569
25	43	266.7548482
26	43	238.1437695
27	43	131.5080555
28	43	16.95040758
29	43	150.9439486
30	43	357.2455005
1	44	98.72307213
2	44	58.01781401
3	44	137.7892649
4	44	32.54028317
5	44	162.9319661
6	44	168.9928954
7	44	116.7560435
8	44	58.25517075
9	44	251.2287892
10	44	203.6339733
11	44	20.4350645
12	44	148.4933885
13	44	105.2151734
14	44	156.9329385
15	44	138.8216887
16	44	81.9746765
17	44	252.7507495
18	44	184.3299369
19	44	161.4470603
20	44	178.9402653
21	44	83.112576
22	44	151.4219277
23	44	53.35997382
24	44	75.77994102
25	44	68.62156055
26	44	149.3621254
27	44	193.9611406
28	44	168.2232753
29	44	193.444204
30	44	129.8718547
1	45	112.5240246
2	45	97.05335685
3	45	59.4035767
4	45	137.0456044
5	45	68.74831579
6	45	104.2015662
7	45	100.838759
8	45	134.8525672
9	45	35.90672906
10	45	35.80454762
11	45	113.5006428
12	45	32.53269522
13	45	82.60462673
14	45	51.92703831
15	45	77.69834646
16	45	77.40826133
17	45	33.51657407
18	45	23.52788055
19	45	38.71257336
20	45	69.22392492
21	45	79.10342737
22	45	61.72409618
23	45	102.0063915
24	45	102.662811
25	45	90.86950235
26	45	43.62539441
27	45	48.65744962
28	45	80.07116728
29	45	49.45908275
30	45	90.98991883
1	46	53.63081932
2	46	61.08492584
3	46	88.42753756
4	46	80.664558
5	46	117.0316218
6	46	252.2226792
7	46	184.0464878
8	46	142.9400789
9	46	224.8348799
10	46	187.7975302
11	46	106.4826998
12	46	159.7649791
13	46	127.9315023
14	46	119.8813645
15	46	77.21482544
16	46	77.11871238
17	46	250.9640278
18	46	184.3785548
19	46	132.7639421
20	46	124.813551
21	46	65.32337188
22	46	137.1653429
23	46	38.51525653
24	46	118.1048591
25	46	88.99166976
26	46	135.081106
27	46	160.4131871
28	46	120.6297074
29	46	161.1669563
30	46	187.5375966
1	47	242.5088778
2	47	151.1258494
3	47	178.1381583
4	47	201.7686417
5	47	205.5518928
6	47	33.73218779
7	47	86.97834956
8	47	150.9913879
9	47	192.2206121
10	47	180.6688084
11	47	188.9020528
12	47	132.9682703
13	47	106.9756799
14	47	169.2209068
15	47	190.5636596
16	47	156.453909
17	47	209.8746551
18	47	123.4903202
19	47	132.2822055
20	47	231.3453945
21	47	168.5283814
22	47	219.1699211
23	47	186.1625002
24	47	137.3619603
25	47	139.1935913
26	47	124.489312
27	47	189.1643204
28	47	223.0742935
29	47	184.878393
30	47	77.81663065
1	48	212.7464699
2	48	117.7922291
3	48	148.6211345
4	48	153.7788576
5	48	193.7763504
6	48	50.98844183
7	48	18.08466452
8	48	78.95276704
9	48	215.7282948
10	48	227.2635524
11	48	112.1356992
12	48	137.152348
13	48	63.66077906
14	48	144.1260235
15	48	199.2206656
16	48	113.1589159
17	48	238.3000053
18	48	157.2520899
19	48	140.2753433
20	48	204.3467228
21	48	132.7516776
22	48	206.2052389
23	48	145.8564513
24	48	70.89773533
25	48	82.92625002
26	48	117.7050789
27	48	194.8801741
28	48	231.3806975
29	48	225.0305873
30	48	48.14181758
1	49	134.8387059
2	49	49.44666555
3	49	145.4735158
4	49	70.24733925
5	49	210.3957804
6	49	283.3258759
7	49	226.642882
8	49	123.9192645
9	49	366.8297093
10	49	260.4117388
11	49	84.23923935
12	49	240.8235769
13	49	166.714606
14	49	201.6639903
15	49	173.0794765
16	49	92.62641873
17	49	358.5487814
18	49	254.9565564
19	49	215.7031199
20	49	246.1064536
21	49	73.0888585
22	49	231.7159587
23	49	25.59238825
24	49	135.0229909
25	49	99.29886882
26	49	197.9951592
27	49	224.1054823
28	49	213.45457
29	49	275.1343954
30	49	209.4726256
1	50	18.83202769
2	50	49.61095765
3	50	54.59257078
4	50	38.23124663
5	50	58.2415554
6	50	113.4368694
7	50	100.8358558
8	50	77.26984347
9	50	97.81064316
10	50	94.10026234
11	50	57.89585836
12	50	88.76965153
13	50	73.44756074
14	50	64.00049032
15	50	53.00429367
16	50	55.04398444
17	50	102.0932767
18	50	100.9932071
19	50	78.32729514
20	50	66.35928186
21	50	54.67584859
22	50	63.63828389
23	50	35.07995704
24	50	75.69876395
25	50	67.01091845
26	50	83.3695376
27	50	80.69125243
28	50	57.46529027
29	50	82.04812911
30	50	90.32327079
1	51	216.8245174
2	51	146.888492
3	51	100.6667633
4	51	219.1716772
5	51	159.630826
6	51	179.3711732
7	51	182.9388662
8	51	210.9363725
9	51	188.397883
10	51	145.2123061
11	51	204.1735303
12	51	57.81814802
13	51	101.607158
14	51	86.01014176
15	51	159.8002621
16	51	98.04256532
17	51	214.4726416
18	51	75.84387793
19	51	45.19901927
20	51	174.9418275
21	51	116.944796
22	51	172.6428184
23	51	173.6528102
24	51	167.4282373
25	51	128.9512914
26	51	18.93838386
27	51	138.5352405
28	51	208.9052724
29	51	184.3623024
30	51	134.5949572
1	52	110.9037275
2	52	101.1733052
3	52	208.1745671
4	52	57.38827101
5	52	247.8457537
6	52	411.8574455
7	52	299.4678905
8	52	175.979533
9	52	414.7044968
10	52	344.4164358
11	52	117.097818
12	52	305.5442953
13	52	223.0007115
14	52	247.5237455
15	52	200.5923572
16	52	171.3498162
17	52	426.7467848
18	52	301.3758429
19	52	278.0753828
20	52	250.2495882
21	52	144.0377458
22	52	240.296726
23	52	66.89137827
24	52	179.0468365
25	52	178.0146548
26	52	242.2830409
27	52	307.9659163
28	52	246.8284616
29	52	326.573001
30	52	285.5197733
1	53	114.9802697
2	53	87.82165556
3	53	63.0094109
4	53	114.1595044
5	53	74.80145059
6	53	46.88163334
7	53	56.42209536
8	53	97.08263399
9	53	68.78986194
10	53	58.2055344
11	53	97.75818764
12	53	40.0086151
13	53	55.48535783
14	53	53.82351204
15	53	71.76026749
16	53	69.84357932
17	53	70.30427209
18	53	30.53816817
19	53	39.76414043
20	53	75.00556009
21	53	70.89959466
22	53	80.49377459
23	53	92.11691972
24	53	73.95248696
25	53	63.98281053
26	53	32.45477505
27	53	68.22683331
28	53	86.9615234
29	53	65.15620957
30	53	47.07028547
1	54	142.7567887
2	54	129.5250256
3	54	14.73302707
4	54	172.3494279
5	54	67.68344479
6	54	252.0672678
7	54	212.2677768
8	54	206.921814
9	54	173.5104472
10	54	129.1518369
11	54	181.5871189
12	54	83.42705058
13	54	156.6548699
14	54	48.21500856
15	54	46.77370956
16	54	90.19616949
17	54	179.8661102
18	54	129.647428
19	54	84.31443711
20	54	95.4016984
21	54	94.67623722
22	54	87.14741564
23	54	119.9459784
24	54	164.8757222
25	54	134.6741578
26	54	91.12288973
27	54	95.93329063
28	54	97.29367063
29	54	133.5232356
30	54	192.0991847
1	55	172.2942654
2	55	112.0254761
3	55	106.3262175
4	55	154.7409717
5	55	155.8577623
6	55	29.31019865
7	55	33.77816614
8	55	102.5895006
9	55	156.7943818
10	55	142.6167891
11	55	123.990294
12	55	93.91969232
13	55	40.70803994
14	55	115.8477098
15	55	142.5678737
16	55	78.11658439
17	55	176.2467534
18	55	102.3553863
19	55	95.09595451
20	55	151.6540258
21	55	90.17624837
22	55	147.27958
23	55	130.8225121
24	55	73.25997109
25	55	73.65557556
26	55	71.7485677
27	55	137.2807647
28	55	170.7772463
29	55	146.3192399
30	55	16.49179884
1	56	136.2582087
2	56	83.34295853
3	56	153.4894432
4	56	44.60943595
5	56	194.112942
6	56	205.5471902
7	56	131.8184729
8	56	56.42002537
9	56	294.1694393
10	56	218.0819649
11	56	37.62051114
12	56	193.8048625
13	56	134.5858458
14	56	193.2391995
15	56	175.4239067
16	56	121.6648258
17	56	259.1521706
18	56	198.4309453
19	56	191.3568683
20	56	190.7162555
21	56	97.5638799
22	56	213.8878159
23	56	83.81696927
24	56	88.13192824
25	56	90.63016633
26	56	169.1612367
27	56	194.8178093
28	56	189.1041712
29	56	239.2467941
30	56	154.235207
1	57	373.6564842
2	57	210.9602221
3	57	202.065648
4	57	306.7691679
5	57	261.2507017
6	57	71.27276923
7	57	135.4484954
8	57	214.7262054
9	57	298.9337172
10	57	248.6014792
11	57	249.5364464
12	57	184.3444968
13	57	127.4813646
14	57	218.3375161
15	57	269.891463
16	57	199.623156
17	57	283.0104284
18	57	144.0549882
19	57	181.2258741
20	57	324.7367495
21	57	212.0618078
22	57	313.8023152
23	57	272.9056328
24	57	170.5484134
25	57	183.3843028
26	57	131.507353
27	57	275.1718331
28	57	321.4954486
29	57	306.0153727
30	57	75.34529124
1	58	209.4960557
2	58	258.9148776
3	58	121.3796313
4	58	340.930734
5	58	73.89391304
6	58	362.3543873
7	58	327.6623128
8	58	318.5278646
9	58	109.0759977
10	58	63.16065952
11	58	307.0105772
12	58	135.4671196
13	58	252.0308467
14	58	109.3153754
15	58	129.9542181
16	58	216.5252524
17	58	113.9267538
18	58	148.4785092
19	58	144.7602582
20	58	76.57129891
21	58	224.7886062
22	58	67.13996136
23	58	257.031321
24	58	308.6559471
25	58	277.1420593
26	58	181.6014528
27	58	45.86240956
28	58	101.099094
29	58	31.18277024
30	58	276.6746455
1	59	87.65278952
2	59	81.3541003
3	59	51.38483143
4	59	109.880295
5	59	50.5733736
6	59	84.62458238
7	59	103.018797
8	59	110.5382154
9	59	31.20864112
10	59	26.12168211
11	59	101.3850248
12	59	25.64835098
13	59	71.08565306
14	59	39.37219631
15	59	59.03973264
16	59	63.13254108
17	59	33.24464406
18	59	22.26558093
19	59	35.0380147
20	59	53.04481735
21	59	71.22637233
22	59	48.70378154
23	59	94.69238953
24	59	91.02916307
25	59	76.63891774
26	59	39.5492861
27	59	29.54631013
28	59	69.9814223
29	59	33.57056274
30	59	78.0236375
1	60	141.2879674
2	60	96.47465976
3	60	86.30703196
4	60	110.1528658
5	60	109.8302587
6	60	27.73764695
7	60	44.39709104
8	60	86.4134993
9	60	107.4353969
10	60	98.29626457
11	60	95.599242
12	60	58.61504479
13	60	51.61804784
14	60	79.63793178
15	60	107.6158581
16	60	75.12009866
17	60	112.5457076
18	60	59.55468684
19	60	61.11975394
20	60	119.1138055
21	60	79.88802572
22	60	102.110843
23	60	94.12965114
24	60	63.50435289
25	60	69.67931937
26	60	55.3693774
27	60	93.76674446
28	60	129.9262427
29	60	115.7530745
30	60	35.24440625
1	61	123.6339956
2	61	96.05250172
3	61	63.35921993
4	61	117.9459933
5	61	68.67455921
6	61	76.67023083
7	61	76.18177595
8	61	97.85122135
9	61	70.93213247
10	61	58.27958396
11	61	119.9815097
12	61	24.29733468
13	61	61.98906409
14	61	49.98127525
15	61	83.13285057
16	61	60.98359181
17	61	67.06571569
18	61	18.09245693
19	61	27.68792965
20	61	90.5625271
21	61	81.50015372
22	61	70.96305297
23	61	92.00878629
24	61	86.35231744
25	61	74.90506612
26	61	26.38421134
27	61	59.76554739
28	61	85.17643381
29	61	70.70656664
30	61	61.7460208
1	62	21.36827279
2	62	160.121994
3	62	166.9758393
4	62	140.3741912
5	62	156.8941102
6	62	340.869144
7	62	312.1717354
8	62	234.4130053
9	62	309.6107413
10	62	244.4223081
11	62	204.3759716
12	62	231.2641919
13	62	233.480583
14	62	178.3957315
15	62	119.0041972
16	62	182.6541614
17	62	286.4265698
18	62	278.4104073
19	62	201.0885815
20	62	161.5740026
21	62	161.3985281
22	62	146.4922946
23	62	135.0478726
24	62	258.9682369
25	62	200.8574583
26	62	244.0862606
27	62	189.9566591
28	62	130.9497912
29	62	219.8787795
30	62	329.1623102
1	63	223.3749307
2	63	227.959864
3	63	115.9762274
4	63	286.6185124
5	63	88.18804167
6	63	279.9805451
7	63	271.911687
8	63	269.0619914
9	63	74.3822427
10	63	24.02388011
11	63	300.1016681
12	63	79.10090656
13	63	219.0848341
14	63	75.77327269
15	63	129.2695468
16	63	168.8809066
17	63	86.62511856
18	63	97.85830902
19	63	91.82697019
20	63	100.1981986
21	63	183.4282073
22	63	87.02240339
23	63	222.1647557
24	63	235.5355702
25	63	214.4191318
26	63	107.2339292
27	63	31.70164356
28	63	114.0466948
29	63	40.92589491
30	63	232.9070585
1	64	24.58201808
2	64	28.987719
3	64	46.93553066
4	64	28.84319145
5	64	51.30691713
6	64	106.2326413
7	64	77.74702257
8	64	65.59962808
9	64	95.21605642
10	64	85.07178654
11	64	39.31511262
12	64	76.44666263
13	64	66.35916838
14	64	60.87544889
15	64	41.38201662
16	64	36.76979706
17	64	113.7065998
18	64	81.67887044
19	64	62.62541755
20	64	61.29379256
21	64	31.85141506
22	64	64.74100191
23	64	18.26704029
24	64	56.74327477
25	64	49.58432561
26	64	61.58125114
27	64	70.31809361
28	64	58.36936832
29	64	77.58134525
30	64	76.14023872
1	65	238.178794
2	65	153.8711617
3	65	107.2984014
4	65	268.8258591
5	65	166.3133864
6	65	195.3679807
7	65	153.3736813
8	65	213.0555352
9	65	195.5182336
10	65	161.2050121
11	65	229.4302301
12	65	61.35782257
13	65	103.4739824
14	65	83.74872361
15	65	173.1292915
16	65	104.194776
17	65	218.257583
18	65	87.07911864
19	65	53.74645015
20	65	202.4153573
21	65	134.1681077
22	65	187.2929876
23	65	205.4872061
24	65	162.0690263
25	65	124.2329038
26	65	27.27203043
27	65	134.6164528
28	65	192.6123249
29	65	193.1964429
30	65	114.1886792
1	66	247.504427
2	66	116.0607406
3	66	197.9747279
4	66	119.884027
5	66	250.4548865
6	66	175.1077096
7	66	108.8134925
8	66	22.98738484
9	66	380.8555249
10	66	297.487482
11	66	81.26223371
12	66	238.9359656
13	66	109.0255379
14	66	253.6558789
15	66	234.1628738
16	66	148.3953449
17	66	368.7995726
18	66	276.3614003
19	66	238.9488163
20	66	320.0006119
21	66	150.1337266
22	66	280.533679
23	66	128.5377346
24	66	71.09746223
25	66	101.3740009
26	66	208.9517993
27	66	272.730205
28	66	271.1812913
29	66	354.3801455
30	66	136.1306048
1	67	141.3471692
2	67	122.3524379
3	67	202.8741995
4	67	31.12180112
5	67	247.3663366
6	67	314.9887477
7	67	289.6329716
8	67	155.115408
9	67	420.5839752
10	67	312.7385051
11	67	91.19808297
12	67	307.7040034
13	67	219.6327046
14	67	268.7177605
15	67	226.5652738
16	67	153.0154082
17	67	398.6099222
18	67	352.6270984
19	67	253.0252901
20	67	286.4314935
21	67	147.9186579
22	67	262.2591616
23	67	88.20177272
24	67	178.3101984
25	67	153.7935531
26	67	277.5996333
27	67	299.2657941
28	67	244.7800121
29	67	346.4973576
30	67	282.4936674
1	68	204.7451986
2	68	225.5612645
3	68	94.41277597
4	68	258.5812717
5	68	93.50752591
6	68	248.0769345
7	68	235.8740182
8	68	278.4373772
9	68	97.02746799
10	68	46.20969071
11	68	269.8059709
12	68	67.34087681
13	68	194.0172425
14	68	59.45177975
15	68	110.5443645
16	68	158.62521
17	68	107.0510687
18	68	71.91036798
19	68	68.39727847
20	68	97.0917259
21	68	160.822198
22	68	93.89507836
23	68	217.4494498
24	68	242.4561192
25	68	207.1791983
26	68	86.44776014
27	68	41.27727106
28	68	121.4941806
29	68	71.33860647
30	68	192.5847496
1	69	152.6860992
2	69	109.5151871
3	69	103.8562613
4	69	135.1039705
5	69	121.745317
6	69	48.49054941
7	69	65.27064218
8	69	118.0887605
9	69	118.6607781
10	69	99.70280508
11	69	121.662005
12	69	64.04937868
13	69	64.04293257
14	69	88.67322982
15	69	123.6867267
16	69	91.50180715
17	69	103.0731615
18	69	59.91786802
19	69	73.37640333
20	69	134.7054794
21	69	93.82991993
22	69	123.5145695
23	69	115.0195476
24	69	84.16569435
25	69	98.76372054
26	69	56.40330792
27	69	107.7658633
28	69	130.1294151
29	69	118.536506
30	69	49.47303079
1	70	289.0648788
2	70	161.4053538
3	70	245.5811545
4	70	188.5517139
5	70	296.0580217
6	70	142.5890949
7	70	81.74544161
8	70	81.3941104
9	70	364.568694
10	70	353.5644376
11	70	135.4441369
12	70	249.8293573
13	70	130.7672475
14	70	269.8366239
15	70	256.8584017
16	70	172.0449423
17	70	393.5154608
18	70	271.5797038
19	70	217.6390923
20	70	299.8383159
21	70	174.3264457
22	70	297.8185215
23	70	190.2353012
24	70	80.38418089
25	70	123.8485561
26	70	230.10372
27	70	305.5218119
28	70	359.6911469
29	70	371.1092755
30	70	127.3183165
1	71	158.5779667
2	71	88.60646096
3	71	74.62038066
4	71	163.6786709
5	71	125.3516815
6	71	117.3771003
7	71	96.82052732
8	71	121.6467232
9	71	182.5851727
10	71	127.6562064
11	71	143.1024555
12	71	66.30740646
13	71	49.52158694
14	71	67.62290428
15	71	115.1303934
16	71	55.8528965
17	71	188.8320513
18	71	79.66536146
19	71	53.38327774
20	71	152.6392408
21	71	64.56263269
22	71	123.7240021
23	71	114.7216962
24	71	86.29250035
25	71	69.75612283
26	71	44.53550109
27	71	125.9675705
28	71	154.1988499
29	71	145.0026463
30	71	67.17051875
1	72	181.5073126
2	72	153.6421385
3	72	101.9125704
4	72	174.6121315
5	72	119.9229075
6	72	113.0095263
7	72	146.7555939
8	72	175.3479704
9	72	72.46261704
10	72	77.91746799
11	72	196.3840567
12	72	53.75246124
13	72	110.9919588
14	72	74.0408859
15	72	126.3814438
16	72	124.7341921
17	72	86.47287685
18	72	30.44852757
19	72	58.89969849
20	72	128.7748628
21	72	132.1285264
22	72	122.2071035
23	72	156.6229467
24	72	140.5270647
25	72	118.9959801
26	72	59.52418389
27	72	78.51100845
28	72	130.0988966
29	72	88.82424364
30	72	117.792019
1	73	197.4127146
2	73	105.1191886
3	73	116.2459747
4	73	151.878526
5	73	148.6788835
6	73	39.23670117
7	73	46.20841678
8	73	120.7001122
9	73	162.7266928
10	73	151.6291546
11	73	131.1891687
12	73	91.24486782
13	73	46.36272359
14	73	104.1538939
15	73	139.9584254
16	73	93.1426214
17	73	176.1003856
18	73	89.45577403
19	73	90.07651221
20	73	168.4898404
21	73	113.2000214
22	73	149.7938453
23	73	139.3674546
24	73	85.55109388
25	73	84.69785766
26	73	76.02485428
27	73	129.9728126
28	73	170.9870668
29	73	159.3515649
30	73	21.76339098
1	74	44.15588278
2	74	11.52788755
3	74	29.51363838
4	74	30.83196437
5	74	49.92430661
6	74	56.61059286
7	74	38.82054717
8	74	30.25111065
9	74	68.45334501
10	74	64.85005891
11	74	25.81626805
12	74	44.03293144
13	74	25.85938664
14	74	38.15533833
15	74	37.39382112
16	74	10.17628986
17	74	75.93515938
18	74	48.67448047
19	74	39.86981247
20	74	52.21077438
21	74	8.722901236
22	74	45.91177671
23	74	21.88398483
24	74	19.26661592
25	74	10.33715404
26	74	33.44605871
27	74	52.89428677
28	74	58.18615688
29	74	64.44487668
30	74	36.06317842
1	75	248.4619228
2	75	189.9241268
3	75	146.4808361
4	75	248.1009143
5	75	170.1438129
6	75	81.8955777
7	75	128.5604109
8	75	182.7418053
9	75	179.1269999
10	75	169.9396877
11	75	201.0172284
12	75	108.2707051
13	75	117.0456206
14	75	140.2540215
15	75	187.472594
16	75	145.1958978
17	75	187.0556104
18	75	91.67568135
19	75	122.6431447
20	75	222.4505795
21	75	164.170839
22	75	196.2317055
23	75	184.9354208
24	75	148.8091874
25	75	139.1125602
26	75	101.9603736
27	75	148.7270107
28	75	239.5687227
29	75	175.058033
30	75	96.0176112
;		

param Dmax:=		
35
;		

param Cmin:=
78.96%
;