set I:=
1
2
3
4
5
6
7
8
9
10
11
12
13
14
15
16
17
18
19
20
21
22
23
24
25
26
27
28
29
30
;

set J:=
1
2
3
4
5
6
7
8
9
10
11
12
13
14
15
16
17
18
19
20
21
22
23
24
25
26
27
28
29
30
31
32
33
34
35
36
37
38
39
40
41
42
43
44
45
46
47
48
49
50
51
52
53
54
55
56
57
58
59
60
61
62
63
64
65
66
67
68
69
70
71
72
73
74
75
;

param f:=
1	514
2	442
3	567
4	505
5	414
6	595
7	661
8	598
9	408
10	642
11	611
12	426
13	436
14	654
15	651
16	645
17	594
18	651
19	505
20	402
21	419
22	473
23	657
24	532
25	648
26	613
27	695
28	533
29	545
30	434
;	

param d:=	
1	26
2	46
3	18
4	33
5	31
6	42
7	30
8	32
9	20
10	12
11	46
12	11
13	40
14	23
15	10
16	14
17	15
18	36
19	16
20	13
21	20
22	42
23	24
24	42
25	41
26	19
27	21
28	42
29	28
30	43
31	47
32	10
33	37
34	23
35	14
36	35
37	19
38	40
39	28
40	18
41	26
42	11
43	32
44	48
45	23
46	17
47	28
48	29
49	25
50	25
51	17
52	31
53	13
54	31
55	41
56	15
57	14
58	49
59	30
60	48
61	36
62	29
63	15
64	10	
65	44	
66	27	
67	39	
68	22	
69	39	
70	27	
71	31	
72	17	
73	14	
74	44	
75	14	
;		

param h:=		
1	1	87
2	1	118
3	1	129
4	1	126
5	1	146
6	1	116
7	1	168
8	1	64
9	1	218
10	1	97
11	1	145
12	1	66
13	1	175
14	1	150
15	1	162
16	1	73
17	1	80
18	1	87
19	1	179
20	1	137
21	1	178
22	1	97
23	1	81
24	1	62
25	1	192
26	1	125
27	1	114
28	1	94
29	1	100
30	1	147
1	2	45
2	2	64
3	2	73
4	2	90
5	2	81
6	2	58
7	2	117
8	2	5
9	2	153
10	2	33
11	2	126
12	2	25
13	2	115
14	2	94
15	2	130
16	2	43
17	2	51
18	2	47
19	2	114
20	2	90
21	2	114
22	2	34
23	2	54
24	2	9
25	2	132
26	2	67
27	2	86
28	2	94
29	2	35
30	2	121
1	3	101
2	3	116
3	3	141
4	3	142
5	3	151
6	3	127
7	3	163
8	3	69
9	3	221
10	3	105
11	3	131
12	3	78
13	3	174
14	3	162
15	3	151
16	3	88
17	3	96
18	3	82
19	3	182
20	3	151
21	3	180
22	3	105
23	3	73
24	3	66
25	3	190
26	3	136
27	3	104
28	3	79
29	3	106
30	3	135
1	4	65
2	4	83
3	4	101
4	4	109
5	4	111
6	4	87
7	4	135
8	4	29
9	4	182
10	4	64
11	4	124
12	4	41
13	4	139
14	4	122
15	4	136
16	4	55
17	4	64
18	4	54
19	4	143
20	4	114
21	4	142
22	4	64
23	4	53
24	4	26
25	4	156
26	4	96
27	4	88
28	4	81
29	4	65
30	4	123
1	5	78
2	5	19
3	5	82
4	5	117
5	5	51
6	5	68
7	5	71
8	5	43
9	5	118
10	5	41
11	5	99
12	5	67
13	5	70
14	5	99
15	5	94
16	5	83
17	5	90
18	5	31
19	5	78
20	5	107
21	5	75
22	5	45
23	5	46
24	5	44
25	5	87
26	5	73
27	5	60
28	5	88
29	5	31
30	5	90
1	6	29
2	6	117
3	6	31
4	6	17
5	6	92
6	6	36
7	6	164
8	6	79
9	6	150
10	6	57
11	6	195
12	6	53
13	6	143
14	6	44
15	6	193
16	6	41
17	6	35
18	6	116
19	6	122
20	6	22
21	6	128
22	6	54
23	6	126
24	6	83
25	6	160
26	6	38
27	6	155
28	6	167
29	6	67
30	6	188
1	7	61
2	7	92
3	7	100
4	7	103
5	7	116
6	7	86
7	7	144
8	7	34
9	7	187
10	7	66
11	7	135
12	7	37
13	7	147
14	7	121
15	7	146
16	7	49
17	7	57
18	7	65
19	7	149
20	7	111
21	7	148
22	7	66
23	7	64
24	7	32
25	7	164
26	7	96
27	7	99
28	7	91
29	7	69
30	7	134
1	8	116
2	8	92
3	8	81
4	8	124
5	8	40
6	8	81
7	8	100
8	8	121
9	8	37
10	8	88
11	8	172
12	8	126
13	8	60
14	8	75
15	8	153
16	8	131
17	8	132
18	8	123
19	8	23
20	8	101
21	8	35
22	8	89
23	8	137
24	8	124
25	8	70
26	8	76
27	8	141
28	8	178
29	8	84
30	8	159
1	9	86
2	9	43
3	9	106
4	9	131
5	9	88
6	9	90
7	9	90
8	9	36
9	9	154
10	9	61
11	9	84
12	9	67
13	9	101
14	9	126
15	9	91
16	9	85
17	9	93
18	9	8
19	9	115
20	9	127
21	9	110
22	9	64
23	9	12
24	9	33
25	9	117
26	9	98
27	9	44
28	9	56
29	9	55
30	9	80
1	10	23
2	10	75
3	10	39
4	10	61
5	10	64
6	10	24
7	10	124
8	10	39
9	10	134
10	10	15
11	10	151
12	10	28
13	10	110
14	10	60
15	10	150
16	10	34
17	10	38
18	10	73
19	10	98
20	10	57
21	10	102
22	10	12
23	10	83
24	10	43
25	10	128
26	10	33
27	10	111
28	10	126
29	10	26
30	10	144
1	11	59
2	11	40
3	11	72
4	11	100
5	11	61
6	11	56
7	11	93
8	11	23
9	11	131
10	11	27
11	11	112
12	11	46
13	11	90
14	11	91
15	11	112
16	11	62
17	11	70
18	11	34
19	11	92
20	11	94
21	11	91
22	11	30
23	11	46
24	11	24
25	11	107
26	11	64
27	11	72
28	11	90
29	11	21
30	11	105
1	12	148
2	12	102
3	12	115
4	12	158
5	12	63
6	12	114
7	12	91
8	12	144
9	12	11
10	12	116
11	12	170
12	12	154
13	12	51
14	12	111
15	12	146
16	12	161
17	12	164
18	12	136
19	12	29
20	12	136
21	12	32
22	12	117
23	12	150
24	12	147
25	12	51
26	12	109
27	12	146
28	12	186
29	12	110
30	12	156
1	13	146
2	13	63
3	13	158
4	13	189
5	13	118
6	13	143
7	13	69
8	13	97
9	13	165
10	13	115
11	13	23
12	13	128
13	13	102
14	13	175
15	13	35
16	13	145
17	13	154
18	13	55
19	13	132
20	13	182
21	13	123
22	13	118
23	13	50
24	13	94
25	13	110
26	13	149
27	13	16
28	13	45
29	13	106
30	13	20
1	14	84
2	14	111
3	14	124
4	14	124
5	14	140
6	14	111
7	14	161
8	14	58
9	14	211
10	14	91
11	14	138
12	14	61
13	14	168
14	14	145
15	14	155
16	14	70
17	14	78
18	14	79
19	14	172
20	14	133
21	14	171
22	14	91
23	14	73
24	14	55
25	14	184
26	14	120
27	14	107
28	14	88
29	14	94
30	14	140
1	15	16
2	15	91
3	15	57
4	15	61
5	15	90
6	15	46
7	15	143
8	15	37
9	15	160
10	15	38
11	15	157
12	15	7
13	15	133
14	15	78
15	15	161
16	15	11
17	15	19
18	15	78
19	15	124
20	15	66
21	15	127
22	15	36
23	15	85
24	15	40
25	15	151
26	15	55
27	15	118
28	15	124
29	15	47
30	15	153
1	16	62
2	16	35
3	16	67
4	16	100
5	16	49
6	16	52
7	16	86
8	16	33
9	16	120
10	16	25
11	16	114
12	16	53
13	16	80
14	16	85
15	16	111
16	16	68
17	16	74
18	16	40
19	16	81
20	16	91
21	16	80
22	16	28
23	16	54
24	16	36
25	16	97
26	16	58
27	16	74
28	16	98
29	16	15
30	16	106
1	17	17
2	17	82
3	17	35
4	17	54
5	17	69
6	17	23
7	17	131
8	17	44
9	17	138
10	17	22
11	17	158
12	17	27
13	17	116
14	17	57
15	17	157
16	17	30
17	17	32
18	17	79
19	17	103
20	17	51
21	17	107
22	17	19
23	17	90
24	17	48
25	17	134
26	17	32
27	17	118
28	17	132
29	17	33
30	17	151
1	18	48
2	18	69
3	18	29
4	18	70
5	18	38
6	18	17
7	18	111
8	18	60
9	18	105
10	18	23
11	18	153
12	18	57
13	18	88
14	18	45
15	18	146
16	18	62
17	18	64
18	18	81
19	18	71
20	18	55
21	18	76
22	18	23
23	18	94
24	18	64
25	18	106
26	18	19
27	18	114
28	18	138
29	18	26
30	18	144
1	19	113
2	19	53
3	19	92
4	19	136
5	19	29
6	19	84
7	19	57
8	19	98
9	19	60
10	19	76
11	19	127
12	19	114
13	19	22
14	19	97
15	19	108
16	19	124
17	19	129
18	19	87
19	19	23
20	19	117
21	19	16
22	19	78
23	19	101
24	19	101
25	19	39
26	19	83
27	19	99
28	19	138
29	19	68
30	19	114
1	20	106
2	20	83
3	20	136
4	20	151
5	20	128
6	20	121
7	20	124
8	20	58
9	20	195
10	20	93
11	20	89
12	20	82
13	20	141
14	20	157
15	20	108
16	20	98
17	20	107
18	20	48
19	20	156
20	20	153
21	20	151
22	20	95
23	20	35
24	20	54
25	20	155
26	20	130
27	20	62
28	20	39
29	20	90
30	20	92
1	21	118
2	21	45
3	21	101
4	21	145
5	21	39
6	21	92
7	21	43
8	21	97
9	21	70
10	21	80
11	21	114
12	21	116
13	21	15
14	21	108
15	21	94
16	21	128
17	21	133
18	21	80
19	21	36
20	21	127
21	21	26
22	21	83
23	21	93
24	21	99
25	21	33
26	21	93
27	21	87
28	21	128
29	21	70
30	21	101
1	22	141
2	22	56
3	22	126
4	22	169
5	22	64
6	22	117
7	22	24
8	22	115
9	22	77
10	22	102
11	22	105
12	22	137
13	22	16
14	22	133
15	22	80
16	22	150
17	22	156
18	22	90
19	22	53
20	22	152
21	22	42
22	22	105
23	22	101
24	22	116
25	22	19
26	22	117
27	22	86
28	22	129
29	22	92
30	22	90
1	23	63
2	23	114
3	23	106
4	23	100
5	23	132
6	23	95
7	23	166
8	23	54
9	23	204
10	23	80
11	23	156
12	23	44
13	23	167
14	23	126
15	23	169
16	23	48
17	23	54
18	23	87
19	23	166
20	23	112
21	23	166
22	23	79
23	23	86
24	23	53
25	23	185
26	23	104
27	23	121
28	23	109
29	23	86
30	23	156
1	24	156
2	24	104
3	24	124
4	24	168
5	24	70
6	24	122
7	24	87
8	24	149
9	24	17
10	24	122
11	24	168
12	24	161
13	24	50
14	24	120
15	24	142
16	24	169
17	24	172
18	24	139
19	24	36
20	24	146
21	24	36
22	24	124
23	24	152
24	24	152
25	24	46
26	24	118
27	24	146
28	24	187
29	24	116
30	24	153
1	25	115
2	25	87
3	25	81
4	25	124
5	25	35
6	25	80
7	25	94
8	25	117
9	25	38
10	25	85
11	25	166
12	25	123
13	25	54
14	25	77
15	25	146
16	25	129
17	25	131
18	25	117
19	25	17
20	25	102
21	25	29
22	25	87
23	25	132
24	25	120
25	25	65
26	25	75
27	25	135
28	25	172
29	25	81
30	25	153
1	26	48
2	26	59
3	26	73
4	26	93
5	26	77
6	26	58
7	26	112
8	26	4
9	26	149
10	26	31
11	26	121
12	26	30
13	26	109
14	26	94
15	26	125
16	26	47
17	26	56
18	26	42
19	26	110
20	26	91
21	26	109
22	26	32
23	26	50
24	26	9
25	26	127
26	26	66
27	26	82
28	26	91
29	26	31
30	26	117
1	27	137
2	27	86
3	27	107
4	27	152
5	27	51
6	27	104
7	27	77
8	27	130
9	27	27
10	27	103
11	27	155
12	27	142
13	27	36
14	27	106
15	27	132
16	27	150
17	27	153
18	27	121
19	27	17
20	27	130
21	27	17
22	27	105
23	27	135
24	27	133
25	27	40
26	27	101
27	27	130
28	27	171
29	27	96
30	27	141
1	28	156
2	28	58
3	28	152
4	28	192
5	28	96
6	28	140
7	28	18
8	28	117
9	28	121
10	28	118
11	28	64
12	28	145
13	28	59
14	28	164
15	28	36
16	28	161
17	28	168
18	28	80
19	28	95
20	28	179
21	28	84
22	28	121
23	28	86
24	28	116
25	28	60
26	28	143
27	28	58
28	28	99
29	28	107
30	28	49
1	29	60
2	29	58
3	29	42
4	29	83
5	29	26
6	29	31
7	29	97
8	29	61
9	29	96
10	29	27
11	29	144
12	29	65
13	29	75
14	29	54
15	29	135
16	29	73
17	29	75
18	29	75
19	29	60
20	29	68
21	29	64
22	29	28
23	29	89
24	29	65
25	29	93
26	29	32
27	29	106
28	29	133
29	29	25
30	29	134
1	30	34
2	30	74
3	30	66
4	30	79
5	30	84
6	30	52
7	30	127
8	30	17
9	30	156
10	30	32
11	30	138
12	30	13
13	30	122
14	30	88
15	30	142
16	30	30
17	30	39
18	30	59
19	30	118
20	30	81
21	30	119
22	30	32
23	30	66
24	30	21
25	30	140
26	30	61
27	30	98
28	30	105
29	30	38
30	30	133
1	31	60
2	31	141
3	31	43
4	31	18
5	31	106
6	31	56
7	31	183
8	31	109
9	31	153
10	31	83
11	31	222
12	31	84
13	31	157
14	31	40
15	31	218
16	31	71
17	31	63
18	31	144
19	31	130
20	31	17
21	31	139
22	31	80
23	31	155
24	31	113
25	31	174
26	31	53
27	31	182
28	31	197
29	31	92
30	31	214
1	32	84
2	32	33
3	32	72
4	32	113
5	32	23
6	32	61
7	32	67
8	32	66
9	32	89
10	32	45
11	32	118
12	32	82
13	32	49
14	32	84
15	32	106
16	32	94
17	32	99
18	32	60
19	32	49
20	32	98
21	32	47
22	32	48
23	32	75
24	32	68
25	32	68
26	32	63
27	32	83
28	32	116
29	32	36
30	32	107
1	33	141
2	33	49
3	33	130
4	33	172
5	33	70
6	33	120
7	33	11
8	33	110
9	33	92
10	33	102
11	33	90
12	33	134
13	33	29
14	33	139
15	33	65
16	33	149
17	33	155
18	33	81
19	33	66
20	33	157
21	33	54
22	33	105
23	33	90
24	33	110
25	33	33
26	33	121
27	33	72
28	33	116
29	33	91
30	33	76
1	34	156
2	34	78
3	34	136
4	34	180
5	34	73
6	34	128
7	34	44
8	34	135
9	34	62
10	34	118
11	34	125
12	34	155
13	34	23
14	34	139
15	34	98
16	34	167
17	34	171
18	34	113
19	34	50
20	34	161
21	34	40
22	34	121
23	34	124
24	34	136
25	34	5
26	34	127
27	34	109
28	34	152
29	34	109
30	34	111
1	35	148
2	35	77
3	35	166
4	35	192
5	35	133
6	35	150
7	35	91
8	35	97
9	35	185
10	35	121
11	35	29
12	35	127
13	35	123
14	35	184
15	35	54
16	35	145
17	35	154
18	35	59
19	35	150
20	35	188
21	35	142
22	35	124
23	35	49
24	35	94
25	35	131
26	35	157
27	35	27
28	35	25
29	35	113
30	35	36
1	36	44
2	36	53
3	36	57
4	36	84
5	36	59
6	36	41
7	36	105
8	36	24
9	36	130
10	36	12
11	36	128
12	36	35
13	36	96
14	36	77
15	36	127
16	36	49
17	36	56
18	36	50
19	36	92
20	36	78
21	36	93
22	36	15
23	36	62
24	36	28
25	36	114
26	36	49
27	36	88
28	36	105
29	36	12
30	36	121
1	37	171
2	37	73
3	37	166
4	37	206
5	37	108
6	37	154
7	37	27
8	37	132
9	37	125
10	37	132
11	37	68
12	37	160
13	37	66
14	37	177
15	37	37
16	37	176
17	37	183
18	37	95
19	37	103
20	37	192
21	37	92
22	37	136
23	37	99
24	37	131
25	37	63
26	37	157
27	37	69
28	37	109
29	37	122
30	37	54
1	38	156
2	38	65
3	38	163
4	38	197
5	38	117
6	38	149
7	38	56
8	38	109
9	38	156
10	38	122
11	38	25
12	38	139
13	38	93
14	38	178
15	38	17
16	38	157
17	38	165
18	38	67
19	38	126
20	38	188
21	38	116
22	38	125
23	38	65
24	38	107
25	38	98
26	38	154
27	38	30
28	38	64
29	38	112
30	38	11
1	39	156
2	39	79
3	39	171
4	39	200
5	39	135
6	39	156
7	39	87
8	39	105
9	39	184
10	39	127
11	39	19
12	39	136
13	39	121
14	39	189
15	39	45
16	39	153
17	39	162
18	39	65
19	39	150
20	39	194
21	39	141
22	39	130
23	39	57
24	39	102
25	39	128
26	39	163
27	39	30
28	39	35
29	39	119
30	39	27
1	40	126
2	40	29
3	40	128
4	40	164
5	40	79
6	40	114
7	40	34
8	40	85
9	40	123
10	40	89
11	40	62
12	40	113
13	40	60
14	40	141
15	40	48
16	40	130
17	40	138
18	40	48
19	40	89
20	40	153
21	40	80
22	40	93
23	40	55
24	40	84
25	40	70
26	40	118
27	40	36
28	40	78
29	40	79
30	40	49
1	41	170
2	41	73
3	41	162
4	41	203
5	41	102
6	41	150
7	41	22
8	41	134
9	41	114
10	41	131
11	41	79
12	41	160
13	41	57
14	41	171
15	41	49
16	41	176
17	41	183
18	41	98
19	41	94
20	41	188
21	41	83
22	41	134
23	41	104
24	41	133
25	41	52
26	41	152
27	41	77
28	41	118
29	41	120
30	41	65
1	42	18
2	42	90
3	42	26
4	42	44
5	42	70
6	42	17
7	42	138
8	42	55
9	42	136
10	42	30
11	42	168
12	42	36
13	42	119
14	42	47
15	42	166
16	42	34
17	42	33
18	42	90
19	42	103
20	42	40
21	42	108
22	42	27
23	42	100
24	42	59
25	42	137
26	42	24
27	42	128
28	42	143
29	42	40
30	42	161
1	43	93
2	43	103
3	43	52
4	43	91
5	43	47
6	43	58
7	43	125
8	43	112
9	43	70
10	43	76
11	43	188
12	43	108
13	43	89
14	43	42
15	43	173
16	43	109
17	43	108
18	43	126
19	43	54
20	43	68
21	43	65
22	43	75
23	43	140
24	43	116
25	43	102
26	43	50
27	43	152
28	43	184
29	43	76
30	43	176
1	44	108
2	44	126
3	44	149
4	44	148
5	44	160
6	44	135
7	44	172
8	44	79
9	44	231
10	44	114
11	44	138
12	44	86
13	44	184
14	44	170
15	44	158
16	44	95
17	44	102
18	44	91
19	44	192
20	44	158
21	44	189
22	44	114
23	44	82
24	44	75
25	44	200
26	44	144
27	44	112
28	44	84
29	44	115
30	44	142
1	45	94
2	45	101
3	45	53
4	45	93
5	45	46
6	45	58
7	45	123
8	45	111
9	45	69
10	45	75
11	45	186
12	45	108
13	45	87
14	45	43
15	45	171
16	45	109
17	45	109
18	45	125
19	45	52
20	45	69
21	45	63
22	45	75
23	45	139
24	45	115
25	45	100
26	45	51
27	45	151
28	45	182
29	45	76
30	45	174
1	46	144
2	46	48
3	46	137
4	46	178
5	46	79
6	46	125
7	46	4
8	46	109
9	46	104
10	46	105
11	46	78
12	46	135
13	46	41
14	46	147
15	46	53
16	46	151
17	46	157
18	46	77
19	46	77
20	46	163
21	46	66
22	46	109
23	46	85
24	46	109
25	46	44
26	46	127
27	46	63
28	46	106
29	46	95
30	46	64
1	47	58
2	47	95
3	47	16
4	47	58
5	47	52
6	47	24
7	47	132
8	47	85
9	47	103
10	47	49
11	47	181
12	47	75
13	47	103
14	47	17
15	47	172
16	47	73
17	47	72
18	47	109
19	47	77
20	47	37
21	47	85
22	47	48
23	47	122
24	47	90
25	47	120
26	47	15
27	47	142
28	47	166
29	47	54
30	47	171
1	48	97
2	48	102
3	48	134
4	48	140
5	48	139
6	48	119
7	48	148
8	48	59
9	48	209
10	48	95
11	48	118
12	48	73
13	48	160
14	48	155
15	48	137
16	48	85
17	48	94
18	48	68
19	48	169
20	48	146
21	48	167
22	48	96
23	48	59
24	48	55
25	48	176
26	48	128
27	48	90
28	48	67
29	48	95
30	48	121
1	49	51
2	49	91
3	49	90
4	49	93
5	49	110
6	49	77
7	49	144
8	49	31
9	49	182
10	49	59
11	49	140
12	49	27
13	49	144
14	49	111
15	49	150
16	49	39
17	49	47
18	49	67
19	49	143
20	49	100
21	49	143
22	49	58
23	49	68
24	49	30
25	49	161
26	49	86
27	49	103
28	49	98
29	49	63
30	49	138
1	50	80
2	50	85
3	50	115
4	50	124
5	50	119
6	50	100
7	50	134
8	50	39
9	50	190
10	50	76
11	50	114
12	50	56
13	50	143
14	50	136
15	50	129
16	50	70
17	50	79
18	50	52
19	50	150
20	50	129
21	50	148
22	50	76
23	50	47
24	50	35
25	50	159
26	50	109
27	50	81
28	50	68
29	50	76
30	50	115
1	51	60
2	51	62
3	51	88
4	51	105
5	51	90
6	51	73
7	51	114
8	51	10
9	51	161
10	51	46
11	51	114
12	51	38
13	51	117
14	51	109
15	51	121
16	51	55
17	51	64
18	51	37
19	51	121
20	51	105
21	51	120
22	51	48
23	51	41
24	51	6
25	51	134
26	51	82
27	51	75
28	51	79
29	51	46
30	51	111
1	52	146
2	52	83
3	52	167
4	52	191
5	52	138
6	52	151
7	52	101
8	52	95
9	52	193
10	52	122
11	52	40
12	52	125
13	52	132
14	52	186
15	52	65
16	52	142
17	52	151
18	52	60
19	52	157
20	52	188
21	52	149
22	52	125
23	52	48
24	52	91
25	52	141
26	52	159
27	52	35
28	52	14
29	52	115
30	52	47
1	53	148
2	53	55
3	53	137
4	53	179
5	53	77
6	53	127
7	53	7
8	53	116
9	53	95
10	53	108
11	53	88
12	53	140
13	53	34
14	53	146
15	53	62
16	53	155
17	53	161
18	53	85
19	53	71
20	53	164
21	53	59
22	53	112
23	53	94
24	53	116
25	53	34
26	53	128
27	53	74
28	53	117
29	53	98
30	53	74
1	54	130
2	54	52
3	54	114
4	54	157
5	54	51
6	54	105
7	54	35
8	54	108
9	54	70
10	54	92
11	54	112
12	54	127
13	54	7
14	54	120
15	54	89
16	54	140
17	54	145
18	54	87
19	54	41
20	54	139
21	54	30
22	54	95
23	54	99
24	54	109
25	54	22
26	54	105
27	54	89
28	54	131
29	54	82
30	54	98
1	55	141
2	55	47
3	55	146
4	55	181
5	55	99
6	55	132
7	55	44
8	55	96
9	55	141
10	55	106
11	55	41
12	55	126
13	55	78
14	55	161
15	55	29
16	55	143
17	55	151
18	55	55
19	55	109
20	55	171
21	55	99
22	55	109
23	55	57
24	55	94
25	55	85
26	55	137
27	55	26
28	55	67
29	55	96
30	55	28
1	56	133
2	56	56
3	56	147
4	56	176
5	56	112
6	56	132
7	56	74
8	56	83
9	56	165
10	56	103
11	56	37
12	56	113
13	56	103
14	56	165
15	56	49
16	56	131
17	56	140
18	56	42
19	56	129
20	56	170
21	56	121
22	56	106
23	56	35
24	56	80
25	56	113
26	56	138
27	56	7
28	56	36
29	56	95
30	56	35
1	57	92
2	57	77
3	57	59
4	57	103
5	57	21
6	57	57
7	57	97
8	57	97
9	57	61
10	57	64
11	57	161
12	57	101
13	57	62
14	57	59
15	57	145
16	57	107
17	57	108
18	57	103
19	57	31
20	57	82
21	57	40
22	57	65
23	57	118
24	57	101
25	57	77
26	57	53
27	57	127
28	57	160
29	57	61
30	57	149
1	58	148
2	58	51
3	58	143
4	58	183
5	58	86
6	58	131
7	58	10
8	58	111
9	58	112
10	58	110
11	58	70
12	58	138
13	58	50
14	58	154
15	58	45
16	58	154
17	58	161
18	58	76
19	58	85
20	58	169
21	58	74
22	58	113
23	58	83
24	58	111
25	58	52
26	58	134
27	58	59
28	58	102
29	58	99
30	58	56
1	59	29
2	59	83
3	59	67
4	59	74
5	59	90
6	59	54
7	59	136
8	59	25
9	59	162
10	59	38
11	59	145
12	59	5
13	59	130
14	59	88
15	59	150
16	59	23
17	59	32
18	59	67
19	59	124
20	59	78
21	59	126
22	59	37
23	59	73
24	59	28
25	59	148
26	59	63
27	59	106
28	59	111
29	59	45
30	59	141
1	60	27
2	60	84
3	60	65
4	60	71
5	60	90
6	60	52
7	60	137
8	60	27
9	60	161
10	60	38
11	60	148
12	60	3
13	60	130
14	60	86
15	60	153
16	60	20
17	60	29
18	60	69
19	60	124
20	60	76
21	60	126
22	60	36
23	60	75
24	60	30
25	60	148
26	60	61
27	60	108
28	60	113
29	60	45
30	60	144
1	61	156
2	61	61
3	61	160
4	61	196
5	61	111
6	61	146
7	61	45
8	61	111
9	61	146
10	61	120
11	61	35
12	61	141
13	61	83
14	61	174
15	61	15
16	61	158
17	61	166
18	61	69
19	61	117
20	61	185
21	61	107
22	61	124
23	61	70
24	61	109
25	61	87
26	61	150
27	61	36
28	61	74
29	61	110
30	61	21
1	62	98
2	62	77
3	62	65
4	62	110
5	62	22
6	62	64
7	62	94
8	62	101
9	62	55
10	62	69
11	62	160
12	62	106
13	62	58
14	62	65
15	62	143
16	62	112
17	62	114
18	62	105
19	62	25
20	62	88
21	62	35
22	62	70
23	62	120
24	62	105
25	62	71
26	62	59
27	62	127
28	62	162
29	62	65
30	62	148
1	63	119
2	63	37
3	63	106
4	63	148
5	63	46
6	63	96
7	63	34
8	63	93
9	63	81
10	63	80
11	63	103
12	63	114
13	63	21
14	63	115
15	63	83
16	63	128
17	63	133
18	63	72
19	63	47
20	63	132
21	63	38
22	63	83
23	63	84
24	63	94
25	63	37
26	63	97
27	63	76
28	63	117
29	63	70
30	63	90
1	64	48
2	64	99
3	64	5
4	64	47
5	64	61
6	64	19
7	64	139
8	64	82
9	64	114
10	64	48
11	64	184
12	64	68
13	64	112
14	64	16
15	64	176
16	64	64
17	64	62
18	64	109
19	64	87
20	64	27
21	64	95
22	64	45
23	64	122
24	64	86
25	64	129
26	64	11
27	64	144
28	64	166
29	64	55
30	64	175
1	65	79
2	65	92
3	65	39
4	65	81
5	65	39
6	65	43
7	65	120
8	65	97
9	65	79
10	65	61
11	65	178
12	65	93
13	65	87
14	65	34
15	65	165
16	65	94
17	65	94
18	65	113
19	65	56
20	65	59
21	65	65
22	65	60
23	65	127
24	65	101
25	65	101
26	65	36
27	65	141
28	65	171
29	65	62
30	65	167
1	66	93
2	66	20
3	66	103
4	66	135
5	66	71
6	66	88
7	66	67
8	66	49
9	66	133
10	66	60
11	66	78
12	66	78
13	66	78
14	66	120
15	66	77
16	66	95
17	66	103
18	66	14
19	66	95
20	66	127
21	66	89
22	66	63
23	66	27
24	66	47
25	66	93
26	66	94
27	66	39
28	66	67
29	66	51
30	66	71
1	67	95
2	67	47
3	67	75
4	67	119
5	67	13
6	67	67
7	67	67
8	67	83
9	67	71
10	67	58
11	67	129
12	67	96
13	67	39
14	67	82
15	67	113
16	67	107
17	67	110
18	67	77
19	67	31
20	67	101
21	67	30
22	67	61
23	67	92
24	67	85
25	67	57
26	67	66
27	67	96
28	67	132
29	67	50
30	67	117
1	68	45
2	68	58
3	68	41
4	68	77
5	68	42
6	68	26
7	68	104
8	68	45
9	68	113
10	68	10
11	68	140
12	68	48
13	68	87
14	68	59
15	68	135
16	68	57
17	68	61
18	68	66
19	68	76
20	68	66
21	68	79
22	68	11
23	68	79
24	68	49
25	68	105
26	68	32
27	68	101
28	68	123
29	68	11
30	68	132
1	69	83
2	69	61
3	69	57
4	69	101
5	69	6
6	69	51
7	69	87
8	69	82
9	69	72
10	69	51
11	69	146
12	69	89
13	69	57
14	69	62
15	69	132
16	69	97
17	69	99
18	69	87
19	69	36
20	69	82
21	69	41
22	69	52
23	69	102
24	69	86
25	69	74
26	69	49
27	69	111
28	69	144
29	69	46
30	69	135
1	70	27
2	70	74
3	70	33
4	70	60
5	70	59
6	70	18
7	70	122
8	70	44
9	70	128
10	70	14
11	70	153
12	70	34
13	70	106
14	70	54
15	70	150
16	70	39
17	70	42
18	70	75
19	70	93
20	70	53
21	70	97
22	70	11
23	70	86
24	70	48
25	70	124
26	70	27
27	70	113
28	70	130
29	70	24
30	70	145
1	71	16
2	71	81
3	71	42
4	71	58
5	71	72
6	71	29
7	71	131
8	71	38
9	71	142
10	71	22
11	71	155
12	71	21
13	71	118
14	71	63
15	71	155
16	71	26
17	71	30
18	71	75
19	71	106
20	71	56
21	71	110
22	71	19
23	71	85
24	71	43
25	71	136
26	71	38
27	71	114
28	71	127
29	71	33
30	71	148
1	72	61
2	72	94
3	72	20
4	72	62
5	72	49
6	72	27
7	72	129
8	72	87
9	72	99
10	72	51
11	72	180
12	72	78
13	72	100
14	72	19
15	72	170
16	72	77
17	72	76
18	72	109
19	72	73
20	72	41
21	72	81
22	72	49
23	72	123
24	72	91
25	72	116
26	72	18
27	72	142
28	72	167
29	72	55
30	72	170
1	73	88
2	73	101
3	73	126
4	73	130
5	73	134
6	73	112
7	73	149
8	73	53
9	73	205
10	73	89
11	73	124
12	73	64
13	73	159
14	73	147
15	73	141
16	73	76
17	73	84
18	73	68
19	73	166
20	73	138
21	73	164
22	73	89
23	73	61
24	73	50
25	73	175
26	73	121
27	73	94
28	73	74
29	73	90
30	73	127
1	74	112
2	74	85
3	74	142
4	74	157
5	74	132
6	74	127
7	74	125
8	74	64
9	74	198
10	74	99
11	74	86
12	74	89
13	74	143
14	74	163
15	74	106
16	74	104
17	74	113
18	74	51
19	74	159
20	74	160
21	74	155
22	74	101
23	74	37
24	74	60
25	74	157
26	74	135
27	74	61
28	74	34
29	74	96
30	74	90
1	75	123
2	75	70
3	75	96
4	75	141
5	75	36
6	75	92
7	75	67
8	75	113
9	75	43
10	75	88
11	75	142
12	75	126
13	75	27
14	75	98
15	75	121
16	75	136
17	75	139
18	75	104
19	75	9
20	75	121
21	75	1
22	75	90
23	75	118
24	75	116
25	75	38
26	75	89
27	75	115
28	75	155
29	75	80
30	75	129
;		

param c:=		
1	1	129.9432535
2	1	149.8802218
3	1	186.9953508
4	1	182.2640018
5	1	190.5173767
6	1	146.1641569
7	1	222.0936462
8	1	98.54411619
9	1	296.8910749
10	1	141.3137135
11	1	187.2267452
12	1	87.35520786
13	1	247.7847708
14	1	196.9196548
15	1	217.6887317
16	1	98.1234015
17	1	102.6559014
18	1	114.3605099
19	1	259.8261181
20	1	177.9856708
21	1	232.612163
22	1	131.4189991
23	1	102.086785
24	1	91.01052244
25	1	239.3689314
26	1	177.6611688
27	1	145.2836763
28	1	120.3977627
29	1	144.9891059
30	1	201.7443744
1	2	104.9387162
2	2	144.9216539
3	2	165.7897647
4	2	239.4443127
5	2	184.6897513
6	2	143.7431092
7	2	306.3148563
8	2	21.77885273
9	2	360.0999331
10	2	83.86831675
11	2	330.4641189
12	2	69.40750336
13	2	286.0708723
14	2	241.8593303
15	2	308.2798166
16	2	115.7570472
17	2	141.12112
18	2	114.8552128
19	2	261.2074637
20	2	198.1527849
21	2	253.4171911
22	2	92.00442603
23	2	130.4793795
24	2	35.14321306
25	2	291.8607949
26	2	180.1640139
27	2	195.6149807
28	2	241.9848711
29	2	100.9019137
30	2	298.9738208
1	3	88.01569512
2	3	106.0014905
3	3	137.3289628
4	3	139.7214878
5	3	138.8279524
6	3	109.7172216
7	3	145.673338
8	3	69.57628444
9	3	185.7948337
10	3	102.912425
11	3	113.709378
12	3	75.46348166
13	3	173.4858222
14	3	145.787183
15	3	129.0969859
16	3	76.4328972
17	3	94.61953254
18	3	72.09919695
19	3	159.6815302
20	3	132.6369067
21	3	161.6179701
22	3	95.48693868
23	3	71.16535265
24	3	67.79797499
25	3	159.0874666
26	3	126.8455574
27	3	107.0389805
28	3	73.15520148
29	3	108.463175
30	3	120.9350698
1	4	105.720014
2	4	154.9395038
3	4	183.7424417
4	4	188.4250572
5	4	206.1766093
6	4	152.799003
7	4	227.0796381
8	4	53.89553961
9	4	297.6132956
10	4	108.4485133
11	4	232.7218052
12	4	74.87700968
13	4	219.4956857
14	4	208.8151849
15	4	240.9989318
16	4	92.58695517
17	4	108.9586392
18	4	93.28123924
19	4	233.5872317
20	4	190.6273418
21	4	256.2252585
22	4	120.4188946
23	4	100.6989419
24	4	49.22441172
25	4	262.562379
26	4	172.8243726
27	4	150.4169137
28	4	132.0252542
29	4	107.2249025
30	4	196.898421
1	5	129.3809947
2	5	39.08178859
3	5	130.3409129
4	5	202.9547039
5	5	85.80648752
6	5	114.5192603
7	5	124.4903168
8	5	72.32192412
9	5	208.3157931
10	5	74.32929711
11	5	170.0419792
12	5	120.2357603
13	5	118.1370385
14	5	153.9083871
15	5	158.8565186
16	5	137.5698448
17	5	160.5771539
18	5	54.51689871
19	5	128.345744
20	5	184.19023
21	5	133.4989774
22	5	72.59275521
23	5	78.16636858
24	5	77.11683562
25	5	144.3688127
26	5	132.3927347
27	5	108.2562898
28	5	143.7294508
29	5	50.7454293
30	5	151.8992543
1	6	65.43687674
2	6	267.4204788
3	6	68.72878715
4	6	44.85308795
5	6	185.8455737
6	6	83.44477753
7	6	328.4516159
8	6	193.5534555
9	6	342.2770878
10	6	133.2041679
11	6	459.5417129
12	6	119.7310227
13	6	319.1518937
14	6	93.017277
15	6	448.6996162
16	6	97.32864638
17	6	86.698519
18	6	270.6477032
19	6	258.3848828
20	6	52.29346005
21	6	271.323091
22	6	119.1464313
23	6	250.4640197
24	6	188.9824388
25	6	318.3226992
26	6	85.53123985
27	6	334.1073902
28	6	350.2947131
29	6	155.2541721
30	6	413.8102013
1	7	106.5203087
2	7	148.4757958
3	7	149.1954703
4	7	166.7017329
5	7	182.3922243
6	7	131.6705856
7	7	220.5932618
8	7	54.4885139
9	7	283.045105
10	7	97.73267275
11	7	197.9161424
12	7	64.19612413
13	7	220.8571109
14	7	183.6797139
15	7	217.2494044
16	7	84.32517912
17	7	94.73761949
18	7	100.2449002
19	7	210.0598425
20	7	179.3533134
21	7	242.7923133
22	7	115.9325898
23	7	112.7030548
24	7	54.91369654
25	7	228.728179
26	7	166.6228652
27	7	150.4242266
28	7	147.0104964
29	7	103.2712684
30	7	203.9858976
1	8	195.4152337
2	8	164.3759
3	8	140.7459288
4	8	193.8602737
5	8	73.64582172
6	8	139.7781582
7	8	165.8568039
8	8	188.9509066
9	8	70.75102812
10	8	143.1859037
11	8	307.6766839
12	8	207.495997
13	8	94.60036228
14	8	135.587119
15	8	270.8585908
16	8	214.7282104
17	8	199.9688809
18	8	217.4183651
19	8	40.9023381
20	8	163.8085115
21	8	62.27392671
22	8	141.3580045
23	8	206.9708479
24	8	218.9268838
25	8	111.8029821
26	8	123.4264601
27	8	246.131713
28	8	321.2857429
29	8	133.8485681
30	8	253.7211022
1	9	82.90797449
2	9	44.38512334
3	9	118.0335955
4	9	128.0872271
5	9	94.8231693
6	9	98.50962333
7	9	101.6111338
8	9	40.26655555
9	9	157.2164485
10	9	61.43108631
11	9	91.25206546
12	9	74.00538192
13	9	98.07557078
14	9	132.4670769
15	9	87.8367212
16	9	89.83974042
17	9	98.90560047
18	9	11.71819514
19	9	127.6628241
20	9	127.5767268
21	9	119.7783071
22	9	67.41962071
23	9	17.16920508
24	9	34.937996
25	9	126.9192982
26	9	97.9449982
27	9	50.26426625
28	9	58.96370115
29	9	65.27792098
30	9	77.07817407
1	10	18.27256335
2	10	44.19601373
3	10	27.12701025
4	10	38.48651163
5	10	44.09707636
6	10	17.17155801
7	10	82.10337309
8	10	28.98781512
9	10	77.58018279
10	10	12.67099633
11	10	92.08489368
12	10	21.76469043
13	10	65.58319392
14	10	40.96305127
15	10	86.56389213
16	10	24.6977719
17	10	25.09442767
18	10	48.5822636
19	10	62.62623681
20	10	36.61921573
21	10	63.0395453
22	10	10.50089428
23	10	47.78979243
24	10	27.74137603
25	10	72.72508705
26	10	23.35136023
27	10	74.88096391
28	10	70.7953066
29	10	16.76187207
30	10	81.16282846
1	11	139.8978548
2	11	97.47484537
3	11	179.8410092
4	11	254.9873021
5	11	160.7079192
6	11	152.1947435
7	11	205.1315388
8	11	69.96148841
9	11	342.7180478
10	11	71.83608925
11	11	247.6752134
12	11	119.3486262
13	11	239.4630563
14	11	228.6823132
15	11	264.1319946
16	11	169.0110619
17	11	165.0682692
18	11	93.95234793
19	11	244.5330698
20	11	218.3096497
21	11	212.0778587
22	11	77.89486719
23	11	115.0432548
24	11	70.65240364
25	11	243.4442605
26	11	156.3357972
27	11	170.641276
28	11	209.6974981
29	11	55.44982836
30	11	260.6178705
1	12	90.23125802
2	12	64.05999309
3	12	65.8541931
4	12	91.35116208
5	12	36.46820526
6	12	64.49922604
7	12	57.08353666
8	12	86.09974599
9	12	8.075412718
10	12	64.32377841
11	12	102.2059783
12	12	87.72705531
13	12	33.37254229
14	12	64.36100554
15	12	76.58179974
16	12	97.80803004
17	12	99.28204826
18	12	77.45828376
19	12	19.48084704
20	12	84.4481257
21	12	18.58348922
22	12	60.70367547
23	12	90.18985232
24	12	85.79698618
25	12	30.5269651
26	12	62.5582956
27	12	80.92651276
28	12	98.36690507
29	12	59.41623389
30	12	81.87180634
1	13	275.9856303
2	13	123.2492561
3	13	342.2865782
4	13	415.9407991
5	13	263.7972626
6	13	292.33896
7	13	155.1828049
8	13	195.3190799
9	13	351.6353781
10	13	247.1772231
11	13	57.19081649
12	13	269.2733363
13	13	211.0867911
14	13	356.2017227
15	13	84.75612481
16	13	311.9841646
17	13	343.4405684
18	13	131.2724839
19	13	290.6688183
20	13	346.3069023
21	13	237.4038823
22	13	227.9698974
23	13	104.6624942
24	13	187.6073849
25	13	218.214468
26	13	296.0293659
27	13	40.22068
28	13	93.27821155
29	13	215.2032068
30	13	47.2505052
1	14	97.73792105
2	14	135.6358819
3	14	145.9212282
4	14	136.9483748
5	14	171.5269563
6	14	134.1936061
7	14	189.402434
8	14	77.92589228
9	14	229.5770602
10	14	118.4188499
11	14	177.4396073
12	14	70.10505342
13	14	212.5701509
14	14	187.1908275
15	14	194.6237543
16	14	94.42465954
17	14	95.00893559
18	14	106.0685556
19	14	187.8113026
20	14	153.8939978
21	14	213.6539739
22	14	121.2947326
23	14	88.18637113
24	14	65.85417861
25	14	212.0748906
26	14	144.4015925
27	14	134.9573995
28	14	107.1499599
29	14	121.5589584
30	14	151.691229
1	15	10.20213582
2	15	47.12318987
3	15	32.53760841
4	15	33.87530888
5	15	50.01723731
6	15	27.13504172
7	15	71.1343294
8	15	22.9527907
9	15	80.24472896
10	15	22.22122589
11	15	83.89072594
12	15	6.365069198
13	15	75.05512413
14	15	44.50750259
15	15	80.469123
16	15	7.482411305
17	15	12.40449118
18	15	41.70554925
19	15	59.17285542
20	15	37.6871956
21	15	65.74604764
22	15	21.64863901
23	15	49.00272293
24	15	20.46239049
25	15	80.5577741
26	15	31.83277964
27	15	61.2199154
28	15	58.51706451
29	15	27.17714381
30	15	73.09492294
1	16	46.39643139
2	16	28.97308312
3	16	52.32748802
4	16	79.64147732
5	16	37.33524025
6	16	39.4108648
7	16	66.34054822
8	16	28.27109343
9	16	83.95700043
10	16	19.34132306
11	16	80.25761673
12	16	39.50692288
13	16	54.78904319
14	16	58.25614505
15	16	73.22722495
16	16	47.83889412
17	16	58.22209475
18	16	30.3696789
19	16	58.99214543
20	16	70.82097499
21	16	64.62658859
22	16	23.13820153
23	16	39.51051385
24	16	30.26946978
25	16	66.7716723
26	16	42.717334
27	16	60.03205231
28	16	71.4311656
29	16	13.75424291
30	16	76.70951188
1	17	17.66709258
2	17	59.98970128
3	17	28.50399048
4	17	44.18064376
5	17	60.92898091
6	17	21.20955752
7	17	109.7324724
8	17	39.493375
9	17	100.8124698
10	17	20.96882417
11	17	125.1773726
12	17	25.25839214
13	17	98.57754878
14	17	47.10750123
15	17	114.1555737
16	17	25.03447501
17	17	25.82374182
18	17	58.85589869
19	17	88.26610264
20	17	44.54926095
21	17	85.56754616
22	17	17.98731535
23	17	73.77420954
24	17	38.7733407
25	17	98.49598633
26	17	25.02445716
27	17	97.19117819
28	17	95.45324933
29	17	31.31722275
30	17	112.6375569
1	18	96.4240851
2	18	142.7807054
3	18	65.39256249
4	18	139.5069646
5	18	78.34726311
6	18	35.69765665
7	18	216.2272486
8	18	106.7850589
9	18	190.6864064
10	18	55.38329532
11	18	283.9826297
12	18	112.0138137
13	18	164.6472942
14	18	85.52741452
15	18	274.4821141
16	18	130.0303951
17	18	134.063915
18	18	157.6829175
19	18	130.7595618
20	18	100.101547
21	18	145.9575166
22	18	52.43327769
23	18	185.4873022
24	18	121.8712948
25	18	190.4228261
26	18	46.33120463
27	18	197.4893547
28	18	253.6868176
29	18	53.19891015
30	18	292.18826
1	19	101.4794805
2	19	45.58769557
3	19	84.48821254
4	19	121.5188905
5	19	26.44361667
6	19	66.92458792
7	19	44.90261505
8	19	87.79674726
9	19	53.96740293
10	19	69.70999106
11	19	99.71718223
12	19	101.8024261
13	19	20.48491675
14	19	74.99772638
15	19	89.11831427
16	19	109.5030273
17	19	99.07563935
18	19	71.30160316
19	19	20.35230564
20	19	93.30863054
21	19	15.98628809
22	19	66.58484209
23	19	87.91954475
24	19	80.31633108
25	19	37.11292608
26	19	73.04483004
27	19	77.95985124
28	19	124.6026622
29	19	59.33650873
30	19	89.24245443
1	20	66.15574417
2	20	56.2672236
3	20	99.83904343
4	20	105.1277928
5	20	92.51885031
6	20	75.60860878
7	20	86.91809912
8	20	38.64844494
9	20	138.9604255
10	20	68.89125448
11	20	66.35198696
12	20	59.46271815
13	20	92.17054123
14	20	95.68801957
15	20	79.67519753
16	20	65.66338276
17	20	73.05068987
18	20	32.5812986
19	20	103.0159007
20	20	94.79378499
21	20	110.9707861
22	20	71.25367682
23	20	25.99298635
24	20	39.76840475
25	20	110.2219644
26	20	83.20914548
27	20	44.35661508
28	20	31.33774092
29	20	64.02315787
30	20	59.67674342
1	21	126.0172703
2	21	53.44505151
3	21	99.74601124
4	21	160.8394063
5	21	43.12299282
6	21	93.58922535
7	21	50.82261104
8	21	110.7997385
9	21	71.01961271
10	21	80.11955118
11	21	114.4341389
12	21	115.5885983
13	21	21.76369676
14	21	106.1501008
15	21	93.56236968
16	21	133.5481195
17	21	146.6138995
18	21	86.70131693
19	21	40.68930344
20	21	138.0878924
21	21	31.63849765
22	21	84.58401081
23	21	107.4602427
24	21	103.2142485
25	21	40.01165986
26	21	106.4149278
27	21	94.91748527
28	21	121.2281828
29	21	81.43497737
30	21	100.4582561
1	22	303.2392352
2	22	138.9062146
3	22	251.2588135
4	22	387.8914246
5	22	148.7085405
6	22	257.0546108
7	22	62.80976143
8	22	242.9791326
9	22	169.8911666
10	22	238.6409128
11	22	212.5418744
12	22	277.5555268
13	22	42.69947501
14	22	285.8142476
15	22	174.9770663
16	22	333.3866576
17	22	332.3486024
18	22	183.3604881
19	22	115.6491236
20	22	343.5896862
21	22	95.28893521
22	22	246.710993
23	22	208.5155605
24	22	276.5772005
25	22	52.03440093
26	22	256.5912974
27	22	173.238505
28	22	280.142387
29	22	202.1497758
30	22	198.7406142
1	23	87.39285162
2	23	144.5483242
3	23	126.8036816
4	23	137.8208954
5	23	164.0190191
6	23	118.1937149
7	23	191.5757275
8	23	63.84980167
9	23	271.890256
10	23	100.2657648
11	23	198.1743881
12	23	60.64520295
13	23	221.4429261
14	23	159.8073581
15	23	201.2302199
16	23	62.39359304
17	23	68.41318174
18	23	115.2308519
19	23	220.0151987
20	23	146.8085868
21	23	204.7870521
22	23	103.8021362
23	23	105.0323826
24	23	69.65202634
25	23	240.5356728
26	23	138.1947714
27	23	162.7505622
28	23	141.8482216
29	23	103.6813609
30	23	209.0158146
1	24	333.4362237
2	24	215.9260604
3	24	259.1413481
4	24	339.3667276
5	24	163.9334674
6	24	263.0438367
7	24	184.436079
8	24	294.9964201
9	24	47.56832702
10	24	271.9356215
11	24	346.2837347
12	24	343.6446213
13	24	116.8889304
14	24	275.693763
15	24	288.2170211
16	24	364.2109952
17	24	397.2987796
18	24	314.9648054
19	24	78.33409156
20	24	316.4571677
21	24	84.94730559
22	24	253.3411077
23	24	341.879116
24	24	329.8287429
25	24	106.2169477
26	24	238.4219552
27	24	308.012981
28	24	391.0262815
29	24	237.6376737
30	24	321.5413919
1	25	269.3319436
2	25	206.2127613
3	25	179.5822173
4	25	261.6503346
5	25	80.09517701
6	25	179.6906207
7	25	191.9350029
8	25	249.8414367
9	25	89.60149059
10	25	184.2661085
11	25	376.9465843
12	25	247.0128105
13	25	117.6728043
14	25	178.631526
15	25	278.717638
16	25	296.3299219
17	25	262.4039466
18	25	255.1963313
19	25	45.88416176
20	25	228.0921513
21	25	76.63077239
22	25	176.21873
23	25	280.2442886
24	25	250.9783873
25	25	129.9593171
26	25	150.2940212
27	25	261.2861374
28	25	358.3270714
29	25	166.5245166
30	25	311.6711715
1	26	50.0264096
2	26	57.80819884
3	26	80.95038359
4	26	86.80790185
5	26	74.80338853
6	26	65.05934111
7	26	121.9762448
8	26	8.743687116
9	26	142.3710017
10	26	31.87181423
11	26	129.6635769
12	26	35.10452835
13	26	102.1098657
14	26	96.18856114
15	26	130.6991355
16	26	53.49245352
17	26	56.30012752
18	26	40.39854871
19	26	100.612985
20	26	96.22644127
21	26	98.80922215
22	26	32.62763653
23	26	54.54788244
24	26	12.58069373
25	26	122.7497121
26	26	73.86121293
27	26	75.12720108
28	26	84.13411062
29	26	34.34594989
30	26	110.7761105
1	27	158.1878756
2	27	99.68350608
3	27	120.9817451
4	27	175.4473521
5	27	63.12596888
6	27	107.0394701
7	27	86.53528489
8	27	139.890535
9	27	33.2283032
10	27	103.0081693
11	27	180.4095824
12	27	163.0875076
13	27	39.29608943
14	27	109.3488091
15	27	136.3233494
16	27	164.0158294
17	27	161.9360491
18	27	129.1786958
19	27	24.69061447
20	27	152.2562482
21	27	24.41366091
22	27	110.8676335
23	27	155.3109408
24	27	148.2539557
25	27	44.98425645
26	27	119.1296918
27	27	142.2427302
28	27	192.2926283
29	27	105.9890323
30	27	159.9762598
1	28	356.9086428
2	28	133.5307586
3	28	307.9166914
4	28	382.0718409
5	28	218.4275587
6	28	298.7550308
7	28	47.40866544
8	28	237.1962738
9	28	257.078641
10	28	281.1624083
11	28	151.5882694
12	28	302.2016387
13	28	141.2687799
14	28	369.830283
15	28	84.18878753
16	28	334.2178439
17	28	349.8926257
18	28	182.8749466
19	28	217.7422382
20	28	371.0440818
21	28	179.6099605
22	28	281.1323596
23	28	182.2078766
24	28	253.8120416
25	28	128.5043503
26	28	325.8583998
27	28	137.1714908
28	28	230.4169934
29	28	230.1525645
30	28	114.8268794
1	29	92.69732452
2	29	94.2276202
3	29	60.11565769
4	29	119.337245
5	29	43.82804585
6	29	48.35583644
7	29	141.5466348
8	29	92.54892114
9	29	151.4552796
10	29	40.6416806
11	29	194.8850273
12	29	90.43449408
13	29	115.2643528
14	29	88.14749103
15	29	201.897645
16	29	100.0315607
17	29	104.9963419
18	29	109.6227883
19	29	85.09151465
20	29	108.3198248
21	29	94.01233048
22	29	48.49052631
23	29	144.2800217
24	29	101.6238017
25	29	135.0083156
26	29	56.4447458
27	29	159.0961221
28	29	211.2565511
29	29	45.56720599
30	29	213.2912172
1	30	90.2153124
2	30	162.5856934
3	30	149.0563416
4	30	180.9949278
5	30	174.2864284
6	30	124.2844685
7	30	292.9519519
8	30	44.17376775
9	30	352.2605954
10	30	72.49522693
11	30	289.7913387
12	30	40.82308199
13	30	246.744181
14	30	183.8364284
15	30	294.7913577
16	30	79.09307869
17	30	94.20589714
18	30	131.7882422
19	30	243.6268258
20	30	170.9182313
21	30	253.3415432
22	30	74.87263608
23	30	160.918003
24	30	59.49616615
25	30	315.3445547
26	30	138.6281873
27	30	241.246959
28	30	229.4121176
29	30	94.48751653
30	30	300.0994102
1	31	137.8801736
2	31	370.5647241
3	31	103.7469906
4	31	58.51234389
5	31	240.5770001
6	31	153.1850442
7	31	457.9277138
8	31	253.3142446
9	31	401.0297782
10	31	187.3558366
11	31	553.3706132
12	31	225.6999693
13	31	415.6209404
14	31	102.3213908
15	31	515.5443143
16	31	163.0107236
17	31	146.0233545
18	31	379.1928096
19	31	335.5878854
20	31	47.99199885
21	31	343.6368739
22	31	218.7419511
23	31	360.5256296
24	31	289.6973646
25	31	378.8315856
26	31	145.8190807
27	31	417.7215593
28	31	499.467026
29	31	246.040642
30	31	491.6498504
1	32	40.6892582
2	32	18.63190196
3	32	41.65383173
4	32	61.12165186
5	32	14.45337908
6	32	35.86995413
7	32	37.05263756
8	32	36.29911542
9	32	50.4876119
10	32	23.45734661
11	32	60.3538451
12	32	47.08789477
13	32	26.46526147
14	32	46.53905054
15	32	52.23960946
16	32	52.72130554
17	32	50.34967707
18	32	31.15009178
19	32	25.65959776
20	32	54.68729745
21	32	23.87399919
22	32	26.0947292
23	32	43.91846055
24	32	38.46241085
25	32	36.72662353
26	32	32.79224371
27	32	43.14610689
28	32	60.96482691
29	32	20.27393209
30	32	61.0975041
1	33	254.1461168
2	33	95.83418034
3	33	263.9374583
4	33	320.8031345
5	33	139.6052458
6	33	225.2862919
7	33	31.73172385
8	33	221.9917585
9	33	194.7295271
10	33	213.7763226
11	33	158.4793056
12	33	265.2371899
13	33	68.82989463
14	33	274.4896821
15	33	126.2040999
16	33	280.2307338
17	33	271.5286016
18	33	169.6351186
19	33	131.8283472
20	33	303.4930355
21	33	114.8623995
22	33	193.2334879
23	33	168.4785884
24	33	204.99389
25	33	63.86539159
26	33	244.307244
27	33	154.9058136
28	33	206.5762212
29	33	169.2356806
30	33	160.2727972
1	34	196.927316
2	34	87.7714199
3	34	167.8899671
4	34	207.2503551
5	34	86.11708819
6	34	156.470542
7	34	54.55991498
8	34	171.1057341
9	34	81.65598421
10	34	152.2916979
11	34	145.1405003
12	34	173.876211
13	34	32.23525132
14	34	158.3808375
15	34	123.7703089
16	34	185.6632373
17	34	186.2430086
18	34	146.2190942
19	34	59.35686101
20	34	180.0298162
21	34	47.11370581
22	34	158.1345266
23	34	152.8133088
24	34	172.0176207
25	34	10.71573151
26	34	156.6915656
27	34	139.4273244
28	34	193.1616061
29	34	127.2097366
30	34	121.9846122
1	35	99.16817048
2	35	53.81048771
3	35	111.0030585
4	35	138.0778585
5	35	87.92363425
6	35	101.1755743
7	35	63.39934173
8	35	74.67950214
9	35	126.4837295
10	35	88.99884321
11	35	24.04700279
12	35	93.37741415
13	35	86.99758232
14	35	122.610625
15	35	43.8011513
16	35	108.061078
17	35	111.1912903
18	35	46.02940239
19	35	107.1472167
20	35	147.4270578
21	35	102.1304971
22	35	85.29123989
23	35	37.529455
24	35	67.66985732
25	35	86.5328182
26	35	109.1411129
27	35	22.01754218
28	35	21.81674999
29	35	84.90535989
30	35	29.44448428
1	36	80.20816408
2	36	104.0601874
3	36	103.7089821
4	36	159.7858166
5	36	102.1319572
6	36	86.44712001
7	36	195.1465117
8	36	46.20752429
9	36	217.2207635
10	36	32.18454763
11	36	218.476254
12	36	65.29006257
13	36	190.5213865
14	36	144.615213
15	36	212.7256532
16	36	97.17514332
17	36	105.4478579
18	36	102.3802335
19	36	181.169258
20	36	140.3130288
21	36	182.5925008
22	36	34.53751037
23	36	112.6379575
24	36	54.54153584
25	36	192.3239947
26	36	90.84497407
27	36	174.024101
28	36	200.0039917
29	36	30.13987027
30	36	218.4075842
1	37	176.447085
2	37	75.95047651
3	37	161.6125296
4	37	204.7431502
5	37	116.7968529
6	37	140.1427929
7	37	31.9968013
8	37	138.2397526
9	37	126.6160441
10	37	122.4688722
11	37	72.85584833
12	37	156.2804628
13	37	70.47951114
14	37	186.0421875
15	37	42.11890246
16	37	173.0280969
17	37	193.4197201
18	37	93.51569434
19	37	101.0183747
20	37	181.7674921
21	37	94.9353211
22	37	126.1801237
23	37	91.53073876
24	37	139.994927
25	37	63.25807788
26	37	166.7614774
27	37	64.25626244
28	37	97.9651424
29	37	111.1403281
30	37	60.92482684
1	38	334.3375994
2	38	136.3810657
3	38	333.2587193
4	38	429.9705894
5	38	244.8449888
6	38	329.3623874
7	38	131.1020723
8	38	229.9648171
9	38	341.9752176
10	38	271.4247853
11	38	54.72714696
12	38	273.4659056
13	38	209.2845642
14	38	393.4472964
15	38	43.63991707
16	38	318.687628
17	38	340.1420668
18	38	154.2999304
19	38	275.2445497
20	38	349.1238525
21	38	235.9569907
22	38	251.6693341
23	38	127.2554445
24	38	218.33421
25	38	185.6912354
26	38	349.0602994
27	38	66.91087822
28	38	130.7868249
29	38	232.473451
30	38	30.86611489
1	39	247.5693002
2	39	125.695732
3	39	245.4999011
4	39	268.3560316
5	39	188.7902327
6	39	207.8708989
7	39	119.8636232
8	39	162.0662565
9	39	245.2072419
10	39	177.0470325
11	39	36.06311179
12	39	186.1977482
13	39	187.882535
14	39	286.3885108
15	39	76.97173531
16	39	222.4049022
17	39	251.7317242
18	39	102.8953916
19	39	203.2046744
20	39	263.4291747
21	39	215.3949735
22	39	189.5285561
23	39	91.95359306
24	39	159.2811337
25	39	168.4124635
26	39	211.7556778
27	39	50.93628982
28	39	55.21415373
29	39	177.8572755
30	39	45.62191642
1	40	115.3682588
2	40	30.46525385
3	40	117.7660622
4	40	161.562894
5	40	79.60966145
6	40	103.7141262
7	40	34.51470064
8	40	81.74277088
9	40	126.1359192
10	40	77.01175064
11	40	56.65696738
12	40	100.4315047
13	40	56.33142884
14	40	134.6018523
15	40	48.39519546
16	40	123.4296015
17	40	135.077935
18	40	49.25191079
19	40	85.86649896
20	40	147.5364197
21	40	73.85995384
22	40	87.98725684
23	40	48.68380796
24	40	84.01608696
25	40	72.49159742
26	40	110.1467965
27	40	35.002395
28	40	67.64985707
29	40	81.27535808
30	40	50.29251444
1	41	249.0310061
2	41	108.5332671
3	41	229.217335
4	41	283.882864
5	41	141.0240246
6	41	181.9752224
7	41	35.11704923
8	41	191.9167089
9	41	161.048393
10	41	190.8116814
11	41	101.416992
12	41	209.168162
13	41	75.56832278
14	41	246.4744882
15	41	69.65148404
16	41	222.1667999
17	41	259.8917868
18	41	136.4056213
19	41	129.7723337
20	41	226.6673265
21	41	105.6984679
22	41	181.2061931
23	41	132.1108184
24	41	166.0402521
25	41	71.65940719
26	41	222.5886827
27	41	104.3514752
28	41	164.8683423
29	41	167.3525405
30	41	85.48801831
1	42	13.45846511
2	42	53.21885723
3	42	17.45954052
4	42	27.40512587
5	42	42.41184551
6	42	12.30459234
7	42	71.62346106
8	42	32.04386803
9	42	80.48982991
10	42	19.88042446
11	42	103.2256003
12	42	22.86561321
13	42	67.97433781
14	42	27.69056417
15	42	92.09480009
16	42	19.69009373
17	42	21.15428565
18	42	52.03625409
19	42	61.10906458
20	42	22.71426772
21	42	59.38221329
22	42	16.82382328
23	42	60.95886724
24	42	36.35466023
25	42	83.6115828
26	42	15.98917093
27	42	66.04621371
28	42	84.57327757
29	42	25.58382079
30	42	82.26103231
1	43	163.1912534
2	43	180.4225135
3	43	82.49474959
4	43	155.6594115
5	43	77.58525026
6	43	91.63949557
7	43	214.7938476
8	43	173.8484505
9	43	117.5056947
10	43	126.8444526
11	43	303.6186918
12	43	181.384866
13	43	136.5182437
14	43	70.24065874
15	43	283.6763242
16	43	183.8796492
17	43	186.6786223
18	43	218.9543669
19	43	85.27880325
20	43	108.1867123
21	43	109.509484
22	43	125.1702259
23	43	226.5854113
24	43	191.064359
25	43	179.589062
26	43	93.14673658
27	43	257.1061628
28	43	287.2654117
29	43	136.7414595
30	43	283.1294462
1	44	255.9429606
2	44	312.6529436
3	44	404.7239744
4	44	392.3761368
5	44	421.7061722
6	44	325.6143399
7	44	465.8254712
8	44	189.4426808
9	44	593.0401077
10	44	273.840718
11	44	334.7300354
12	44	230.5482113
13	44	452.2715114
14	44	402.3081375
15	44	390.9150959
16	44	249.7794808
17	44	271.9281625
18	44	229.2567798
19	44	500.8305177
20	44	423.9543873
21	44	487.8205721
22	44	258.6257963
23	44	193.8598527
24	44	198.5964667
25	44	459.7009643
26	44	340.786269
27	44	272.7805986
28	44	203.0126964
29	44	282.1442776
30	44	317.9021224
1	45	122.0128773
2	45	115.7846633
3	45	71.02714095
4	45	107.7924658
5	45	62.68955411
6	45	77.29391202
7	45	154.9394746
8	45	139.032773
9	45	77.0892538
10	45	96.77475368
11	45	214.1772524
12	45	133.2822219
13	45	105.721824
14	45	55.73971084
15	45	215.7335893
16	45	133.8533994
17	45	138.2981816
18	45	140.7696709
19	45	71.44207276
20	45	89.3401515
21	45	75.44591154
22	45	94.68196018
23	45	159.8638766
24	45	131.132374
25	45	115.1804316
26	45	62.41886947
27	45	185.8129917
28	45	201.357474
29	45	91.0129379
30	45	197.2222641
1	46	122.169734
2	46	45.14057049
3	46	122.9883126
4	46	150.9156695
5	46	74.32836523
6	46	119.1227016
7	46	7.870678778
8	46	93.54606394
9	46	86.16371004
10	46	94.45060836
11	46	65.97182287
12	46	115.6122103
13	46	37.89926358
14	46	131.9707484
15	46	45.59206545
16	46	143.6394909
17	46	141.675327
18	46	72.90873972
19	46	69.04498152
20	46	153.2948526
21	46	61.57438547
22	46	104.2755705
23	46	81.495505
24	46	103.2354542
25	46	43.98585908
26	46	107.5706332
27	46	58.14963658
28	46	99.45628911
29	46	90.02711943
30	46	61.15591881
1	47	96.3993037
2	47	150.9111966
3	47	26.55919998
4	47	86.80321559
5	47	80.60093517
6	47	37.2939065
7	47	173.5244039
8	47	124.8849256
9	47	165.2993088
10	47	76.38633376
11	47	238.1608323
12	47	117.9953806
13	47	146.1959856
14	47	33.01234719
15	47	225.342251
16	47	106.4648987
17	47	114.1200023
18	47	173.6210716
19	47	120.356799
20	47	54.33757811
21	47	134.9758044
22	47	79.35252048
23	47	190.413102
24	47	135.5401369
25	47	158.3090433
26	47	29.76187455
27	47	194.0656678
28	47	230.2588168
29	47	84.88159786
30	47	248.7045579
1	48	144.0692607
2	48	153.6421916
3	48	201.0713781
4	48	192.2013712
5	48	195.0517634
6	48	182.0083152
7	48	233.0720864
8	48	98.88843833
9	48	305.3596083
10	48	148.2028266
11	48	175.6668036
12	48	111.5207383
13	48	224.5252731
14	48	209.2669702
15	48	218.0839964
16	48	130.7599423
17	48	143.8242333
18	48	98.92343246
19	48	247.9232047
20	48	206.8874294
21	48	237.7994985
22	48	135.365925
23	48	85.85418577
24	48	86.82368557
25	48	257.4666561
26	48	187.0246468
27	48	134.4667878
28	48	103.670687
29	48	139.9948294
30	48	198.2917754
1	49	74.88179426
2	49	110.4449517
3	49	108.0481533
4	49	122.0209342
5	49	144.5739086
6	49	99.70008724
7	49	173.2228282
8	49	43.85238534
9	49	212.0771165
10	49	82.98851137
11	49	178.5132072
12	49	41.6202847
13	49	198.9389232
14	49	138.4686784
15	49	181.4679953
16	49	55.10820554
17	49	65.77298852
18	49	86.89156566
19	49	202.4725578
20	49	124.9603563
21	49	173.7059824
22	49	74.23288378
23	49	90.02931647
24	49	40.63364194
25	49	212.3382888
26	49	122.6704363
27	49	132.5928068
28	49	131.8485418
29	49	81.55822798
30	49	181.8382498
1	50	101.2739583
2	50	119.9493264
3	50	161.3393307
4	50	156.7439739
5	50	162.2393488
6	50	118.6968633
7	50	178.5991073
8	50	59.86970317
9	50	228.6617923
10	50	99.02896223
11	50	154.6251163
12	50	73.09525511
13	50	172.7226313
14	50	159.1792441
15	50	169.3885979
16	50	93.40003235
17	50	110.2449823
18	50	78.17303802
19	50	174.9463712
20	50	160.6928249
21	50	205.2903333
22	50	108.9779006
23	50	66.13013175
24	50	48.58119858
25	50	219.2446378
26	50	142.8319803
27	50	100.5120494
28	50	90.74557489
29	50	95.38890829
30	50	161.8903548
1	51	56.87098277
2	51	57.39589084
3	51	79.72290559
4	51	99.70475927
5	51	80.28016517
6	51	70.15879078
7	51	107.5273085
8	51	11.62520642
9	51	152.6510513
10	51	42.65240458
11	51	106.1988765
12	51	38.27430005
13	51	104.8435227
14	51	89.63470765
15	51	107.5140443
16	51	46.82768353
17	51	56.84685591
18	51	36.28366175
19	51	105.3101351
20	51	87.76164853
21	51	109.9640705
22	51	49.41041189
23	51	39.76761826
24	51	9.582196381
25	51	123.9663591
26	51	79.03239402
27	51	61.30220347
28	51	69.97691867
29	51	40.65125303
30	51	89.46883384
1	52	212.7430195
2	52	147.7314467
3	52	241.8232747
4	52	320.3057785
5	52	227.869356
6	52	238.7951472
7	52	157.5691772
8	52	167.9351251
9	52	315.9276546
10	52	181.0974488
11	52	75.57695843
12	52	199.546015
13	52	221.823438
14	52	324.9325689
15	52	104.5750825
16	52	222.2576392
17	52	241.4114913
18	52	96.05655072
19	52	254.1708827
20	52	279.7032792
21	52	225.1038879
22	52	203.1786661
23	52	76.36423404
24	52	157.3380749
25	52	235.9748629
26	52	252.3358268
27	52	56.70011972
28	52	31.5214096
29	52	187.4904581
30	52	82.06902192
1	53	107.7205536
2	53	40.73869618
3	53	88.33131966
4	53	127.4053779
5	53	55.16590887
6	53	78.44202046
7	53	7.054054754
8	53	81.14758777
9	53	64.20218844
10	53	68.93036554
11	53	61.99279751
12	53	86.90728771
13	53	27.48140466
14	53	93.53053696
15	53	39.55432175
16	53	95.89358568
17	53	117.3235566
18	53	55.33323788
19	53	47.07962274
20	53	102.2585417
21	53	40.690984
22	53	79.27442527
23	53	70.45696334
24	53	76.34685764
25	53	25.38616563
26	53	81.1724278
27	53	50.08488979
28	53	82.93664854
29	53	64.48707637
30	53	50.71405127
1	54	190.1757932
2	54	82.68062465
3	54	195.1310563
4	54	237.4011296
5	54	93.3896906
6	54	158.1192235
7	54	65.47214253
8	54	181.1737927
9	54	127.572965
10	54	141.3902343
11	54	173.8242377
12	54	221.1140095
13	54	17.34473183
14	54	194.7870377
15	54	158.749295
16	54	216.7876595
17	54	250.8542046
18	54	156.1556063
19	54	66.6838969
20	54	228.9368095
21	54	53.28637514
22	54	150.6023623
23	54	157.6452273
24	54	182.9345266
25	54	45.83273935
26	54	184.7002311
27	54	142.881839
28	54	214.5551199
29	54	133.1110293
30	54	145.4844382
1	55	306.6216514
2	55	98.31480565
3	55	291.141465
4	55	401.6880047
5	55	214.3556957
6	55	307.8120141
7	55	98.00811657
8	55	201.116698
9	55	314.879592
10	55	216.1397295
11	55	96.21360298
12	55	276.7078389
13	55	157.2546401
14	55	333.4843484
15	55	72.44371454
16	55	326.9378272
17	55	309.0282568
18	55	129.8056347
19	55	213.1790282
20	55	354.0351601
21	55	230.093209
22	55	251.7277716
23	55	118.0999482
24	55	185.7703933
25	55	173.8278537
26	55	316.7786814
27	55	59.65976445
28	55	161.4569769
29	55	224.5373246
30	55	69.83731024
1	56	102.1667941
2	56	46.65847759
3	56	105.3522008
4	56	138.6250379
5	56	83.16165743
6	56	103.1116987
7	56	64.00980575
8	56	70.18484914
9	56	130.6315385
10	56	73.9689469
11	56	32.76721282
12	56	92.24456609
13	56	83.07483368
14	56	139.9945418
15	56	44.39794934
16	56	97.3452415
17	56	109.3056547
18	56	34.84367202
19	56	100.3020471
20	56	122.3476645
21	56	89.5806798
22	56	76.46521399
23	56	31.85491538
24	56	63.1983701
25	56	80.00903533
26	56	106.9443958
27	56	8.368833214
28	56	31.59204622
29	56	72.9601561
30	56	30.91684566
1	57	61.66150759
2	57	59.9172286
3	57	41.05310204
4	57	77.88291783
5	57	19.40019396
6	57	40.29099573
7	57	72.31232361
8	57	76.10988914
9	57	43.20397211
10	57	45.19011608
11	57	116.4312393
12	57	75.03350534
13	57	48.27888769
14	57	40.57872589
15	57	109.645483
16	57	83.42434241
17	57	73.04776116
18	57	78.22235598
19	57	23.38806212
20	57	61.76528015
21	57	31.50655649
22	57	49.40307305
23	57	81.13309436
24	57	74.36780231
25	57	60.11211649
26	57	40.05928341
27	57	92.18880205
28	57	107.329415
29	57	41.76715489
30	57	112.0186959
1	58	339.499824
2	58	131.5962674
3	58	361.8878428
4	58	416.4764121
5	58	237.0915412
6	58	316.2510895
7	58	35.42053202
8	58	301.123562
9	58	259.8605664
10	58	301.0632288
11	58	172.6326541
12	58	325.0531978
13	58	145.7398994
14	58	363.9876767
15	58	114.1493199
16	58	370.9280649
17	58	427.6839629
18	58	217.6238683
19	58	234.3119446
20	58	426.8093796
21	58	204.3415993
22	58	299.2568905
23	58	205.4990373
24	58	309.8651211
25	58	128.2670911
26	58	342.7813756
27	58	150.2738641
28	58	250.0889308
29	58	231.6065067
30	58	140.6530431
1	59	54.50504035
2	59	137.131116
3	59	98.87481098
4	59	126.3799802
5	59	149.8986833
6	59	96.32562594
7	59	212.1462441
8	59	43.31368725
9	59	230.5556315
10	59	68.15685365
11	59	224.1233045
12	59	14.93438266
13	59	196.8394832
14	59	150.6938862
15	59	235.2497653
16	59	38.78895579
17	59	58.55517021
18	59	118.4332635
19	59	197.8119053
20	59	128.0426577
21	59	214.1040894
22	59	66.38106686
23	59	105.4509176
24	59	47.08962928
25	59	238.6375809
26	59	98.84289255
27	59	153.3954708
28	59	169.8617411
29	59	70.17728642
30	59	227.6420287
1	60	76.79111687
2	60	205.1323725
3	60	178.6057581
4	60	175.8655179
5	60	235.0935294
6	60	123.5647506
7	60	339.3513038
8	60	72.18488541
9	60	391.3563788
10	60	99.99041024
11	60	369.5500465
12	60	20.68002419
13	60	339.2921756
14	60	215.1506535
15	60	353.0564219
16	60	62.3971369
17	60	79.05803997
18	60	173.4813468
19	60	322.3069088
20	60	178.7534919
21	60	337.7170645
22	60	92.27920604
23	60	173.2633372
24	60	78.15406396
25	60	351.8509321
26	60	166.7540282
27	60	294.3389101
28	60	271.2408467
29	60	122.2262153
30	60	346.5109159
1	61	313.8985448
2	61	118.9786987
3	61	284.4231323
4	61	327.4177376
5	61	208.1822085
6	61	284.8913386
7	61	83.16033928
8	61	195.5029209
9	61	278.2256415
10	61	245.2148367
11	61	77.23200045
12	61	253.6969119
13	61	145.6311212
14	61	299.8328331
15	61	33.59591939
16	61	289.546341
17	61	305.4835371
18	61	130.96269
19	61	204.0493897
20	61	313.0392622
21	61	201.5439566
22	61	221.4509744
23	61	134.9878436
24	61	224.5533101
25	61	181.0775669
26	61	272.1996957
27	61	79.14521925
28	61	150.1515489
29	61	210.8115253
30	61	46.53814946
1	62	147.9468015
2	62	118.7519899
3	62	96.36519967
4	62	169.853246
5	62	38.2199213
6	62	98.32377386
7	62	130.3051442
8	62	153.5358495
9	62	87.50197815
10	62	117.1546556
11	62	255.9733592
12	62	151.3042722
13	62	91.11114735
14	62	106.7192051
15	62	200.5811919
16	62	185.8065683
17	62	174.9685924
18	62	153.1987239
19	62	39.97612956
20	62	129.2478969
21	62	56.41619704
22	62	112.9455326
23	62	197.9829362
24	62	149.3657421
25	62	110.6319338
26	62	94.89549103
27	62	183.9437197
28	62	259.2331381
29	62	107.696897
30	62	224.8797104
1	63	96.1590727
2	63	32.52152912
3	63	90.38040379
4	63	109.8292249
5	63	39.97767775
6	63	80.18380558
7	63	28.91547798
8	63	69.31463188
9	63	63.12031538
10	63	62.40183783
11	63	83.23589786
12	63	87.8958701
13	63	17.8852237
14	63	90.42795531
15	63	68.90203366
16	63	100.7774709
17	63	94.14676322
18	63	59.29230016
19	63	36.05040972
20	63	105.3066547
21	63	33.61552716
22	63	64.26086965
23	63	66.60921469
24	63	81.3701982
25	63	30.28123144
26	63	78.21196495
27	63	65.78505128
28	63	90.30585364
29	63	58.72279441
30	63	75.30517598
1	64	28.99750569
2	64	56.81648897
3	64	4.649489114
4	64	27.0608571
5	64	29.90794045
6	64	12.361062
7	64	74.70120103
8	64	45.77387304
9	64	58.89978103
10	64	28.52209356
11	64	103.3626232
12	64	39.47117024
13	64	57.55726232
14	64	10.86415365
15	64	87.11572571
16	64	37.33186977
17	64	34.49039608
18	64	61.06508176
19	64	44.68247037
20	64	15.60949711
21	64	47.76046347
22	64	25.92211434
23	64	58.43754795
24	64	49.93478311
25	64	60.99470892
26	64	8.308000402
27	64	70.16544729
28	64	93.56891121
29	64	31.50765084
30	64	95.54405987
1	65	199.5486331
2	65	195.4496727
3	65	104.133269
4	65	204.2656685
5	65	102.2864824
6	65	106.2524535
7	65	289.802721
8	65	244.0023947
9	65	167.0663549
10	65	144.6184134
11	65	368.322228
12	65	234.2790838
13	65	211.0972714
14	65	82.59236527
15	65	338.3346944
16	65	218.5176682
17	65	214.9552839
18	65	284.3233976
19	65	144.7380101
20	65	149.3882838
21	65	152.2544632
22	65	132.8963352
23	65	311.6928583
24	65	242.6766503
25	65	218.5095988
26	65	93.0043514
27	65	298.4449976
28	65	383.2180153
29	65	133.2232214
30	65	352.5407389
1	66	133.8131311
2	66	32.80737796
3	66	158.9039834
4	66	175.9606891
5	66	101.7500659
6	66	118.4100457
7	66	97.47990975
8	66	67.90005353
9	66	168.6118242
10	66	82.334251
11	66	121.0459388
12	66	114.6893293
13	66	120.5333753
14	66	179.4110734
15	66	118.6954886
16	66	144.1096932
17	66	138.6249755
18	66	27.90012729
19	66	121.5172602
20	66	183.4886519
21	66	121.7761337
22	66	86.56438262
23	66	40.65448761
24	66	70.54846255
25	66	135.362525
26	66	142.7322714
27	66	57.15455185
28	66	105.7869934
29	66	69.04372647
30	66	103.2795085
1	67	192.8741107
2	67	102.7302059
3	67	160.6686967
4	67	232.3190866
5	67	37.40239241
6	67	129.7447524
7	67	154.3371217
8	67	178.2622396
9	67	134.760828
10	67	122.2178974
11	67	270.5910907
12	67	205.3065202
13	67	84.512846
14	67	185.9199614
15	67	213.0483246
16	67	235.646469
17	67	221.7422237
18	67	144.7133671
19	67	66.2343458
20	67	193.566742
21	67	73.04615815
22	67	130.8351962
23	67	207.0509796
24	67	178.6551836
25	67	109.3010971
26	67	124.7366849
27	67	199.9839565
28	67	247.3791519
29	67	108.5314324
30	67	217.39464
1	68	56.4286908
2	68	76.13670653
3	68	53.13228692
4	68	95.35729865
5	68	56.58474945
6	68	35.57228246
7	68	115.9405726
8	68	51.44316112
9	68	124.8800038
10	68	16.70347232
11	68	159.9130866
12	68	60.30704004
13	68	93.31788418
14	68	72.65203439
15	68	166.7961041
16	68	66.14590782
17	68	70.67600855
18	68	70.78475216
19	68	95.89765388
20	68	71.47097498
21	68	88.26535915
22	68	19.1796207
23	68	87.87045819
24	68	59.30817336
25	68	112.6257353
26	68	41.05371222
27	68	115.0013548
28	68	133.7523398
29	68	17.99280598
30	68	155.7562011
1	69	161.8632613
2	69	116.2817447
3	69	109.5812511
4	69	206.3544685
5	69	21.31584755
6	69	107.8322002
7	69	166.9728827
8	69	165.7648339
9	69	141.8270308
10	69	118.5711352
11	69	306.358854
12	69	164.9837468
13	69	127.3480289
14	69	131.7521171
15	69	292.3685027
16	69	180.7014644
17	69	215.1003073
18	69	184.8307067
19	69	74.08655017
20	69	181.4593958
21	69	88.53578976
22	69	119.5614806
23	69	222.9159851
24	69	174.9602769
25	69	150.9217045
26	69	100.3291824
27	69	208.0178209
28	69	306.4964343
29	69	100.400184
30	69	283.3544548
1	70	47.31082342
2	70	111.1350579
3	70	55.13806348
4	70	80.85652799
5	70	79.97877324
6	70	30.66414778
7	70	175.9635362
8	70	72.46288514
9	70	172.7673957
10	70	26.29422219
11	70	212.7716434
12	70	53.47732478
13	70	152.7684107
14	70	84.62671625
15	70	230.0252464
16	70	65.10487177
17	70	67.45339221
18	70	109.3344066
19	70	121.3059179
20	70	76.12673157
21	70	140.329609
22	70	22.44621685
23	70	116.02576
24	70	76.85148296
25	70	179.9351877
26	70	45.62003419
27	70	170.3201809
28	70	190.8496957
29	70	38.37895175
30	70	216.9716568
1	71	31.43414449
2	71	127.246024
3	71	79.74807571
4	71	97.63942696
5	71	128.6837148
6	71	56.6941263
7	71	193.193616
8	71	73.11575841
9	71	239.5913403
10	71	38.31186548
11	71	260.8615408
12	71	41.04721453
13	71	205.7385909
14	71	98.83185356
15	71	224.6155201
16	71	48.56470105
17	71	48.90937639
18	71	122.9982201
19	71	182.3122239
20	71	99.61212652
21	71	174.3692812
22	71	36.1712911
23	71	135.1670333
24	71	70.32321913
25	71	198.7589914
26	71	61.80045569
27	71	167.7304283
28	71	212.0532156
29	71	53.49163208
30	71	241.5023745
1	72	59.62108408
2	72	90.04129523
3	72	22.24920333
4	72	54.59629716
5	72	48.79852556
6	72	26.7403281
7	72	102.817273
8	72	75.07501982
9	72	92.31544974
10	72	45.56342726
11	72	172.916115
12	72	77.48700163
13	72	81.51747694
14	72	21.1661377
15	72	150.340565
16	72	67.77301296
17	72	64.46489557
18	72	88.49595756
19	72	71.50551271
20	72	38.30096739
21	72	74.72689328
22	72	43.11518935
23	72	100.6189772
24	72	86.73408929
25	72	108.8007008
26	72	19.71407625
27	72	113.6748263
28	72	132.7134317
29	72	55.67609193
30	72	159.5636149
1	73	63.98960567
2	73	78.07228819
3	73	90.93628033
4	73	102.7638827
5	73	89.34718554
6	73	84.58531035
7	73	109.0405126
8	73	38.7799408
9	73	150.1553157
10	73	64.55626716
11	73	86.82305847
12	73	47.41426894
13	73	104.3010612
14	73	111.6147814
15	73	98.16017404
16	73	54.31709849
17	73	57.26270465
18	73	53.9913543
19	73	109.8954229
20	73	108.0338934
21	73	125.8007994
22	73	67.53758183
23	73	46.50971928
24	73	34.80980249
25	73	128.3755741
26	73	85.37712451
27	73	68.13805692
28	73	53.31631048
29	73	64.98884092
30	73	84.28204897
1	74	251.211848
2	74	209.4424666
3	74	336.4256036
4	74	329.0537555
5	74	274.4457666
6	74	263.2097296
7	74	277.4695848
8	74	160.0920772
9	74	451.5475054
10	74	228.6798485
11	74	209.7884871
12	74	207.0233373
13	74	331.1265828
14	74	376.5964433
15	74	245.2828363
16	74	246.2695749
17	74	284.7415684
18	74	128.3825143
19	74	360.1957049
20	74	357.3229765
21	74	354.7341354
22	74	218.8809348
23	74	92.40129673
24	74	147.9812869
25	74	322.4184193
26	74	313.3890229
27	74	149.0095816
28	74	87.6406942
29	74	222.1224085
30	74	193.0885894
1	75	87.24844841
2	75	51.03379856
3	75	69.58944674
4	75	105.9646753
5	75	31.51816254
6	75	68.25251634
7	75	49.21006716
8	75	81.70871453
9	75	30.78925135
10	75	69.12087325
11	75	93.65650122
12	75	93.7230445
13	75	23.45827958
14	75	78.14340492
15	75	82.03928767
16	75	101.6474161
17	75	103.0794365
18	75	78.34962099
19	75	10.76269124
20	75	83.26047791
21	75	4.236748551
22	75	71.10513792
23	75	89.59386736
24	75	81.91648921
25	75	29.44968698
26	75	70.5090335
27	75	87.73625938
28	75	118.4535754
29	75	55.49036954
30	75	101.8663041
;		

param Dmax:=		
35		
;		

param Cmin:=
82.45%
;